date,location_key,new_persons_vaccinated,cumulative_persons_vaccinated,new_persons_fully_vaccinated,cumulative_persons_fully_vaccinated,new_vaccine_doses_administered,cumulative_vaccine_doses_administered,new_persons_vaccinated_pfizer,cumulative_persons_vaccinated_pfizer,new_persons_fully_vaccinated_pfizer,cumulative_persons_fully_vaccinated_pfizer,new_vaccine_doses_administered_pfizer,cumulative_vaccine_doses_administered_pfizer,new_persons_vaccinated_moderna,cumulative_persons_vaccinated_moderna,new_persons_fully_vaccinated_moderna,cumulative_persons_fully_vaccinated_moderna,new_vaccine_doses_administered_moderna,cumulative_vaccine_doses_administered_moderna,new_persons_vaccinated_janssen,cumulative_persons_vaccinated_janssen,new_persons_fully_vaccinated_janssen,cumulative_persons_fully_vaccinated_janssen,new_vaccine_doses_administered_janssen,cumulative_vaccine_doses_administered_janssen,new_persons_vaccinated_sinovac,total_persons_vaccinated_sinovac,new_persons_fully_vaccinated_sinovac,total_persons_fully_vaccinated_sinovac,new_vaccine_doses_administered_sinovac,total_vaccine_doses_administered_sinovac
2021-01-12,US_WA,,162105.0,,17689.0,,195567.0,,,,,,,,,,,,,,,,,,,,,,,,
2021-01-13,US_WA,7545.0,169650.0,4936.0,22625.0,12671.0,208238.0,,,,,,,,,,,,,,,,,,,,,,,,
2021-01-14,US_WA,17800.0,187450.0,0.0,,17000.0,225238.0,,,,,,,,,,,,,,,,,,,,,,,,
2021-01-15,US_WA,13232.0,200682.0,8956.0,31581.0,17368.0,242606.0,,,,,,,,,,,,,,,,,,,,,,,,
2021-01-19,US_WA,64825.0,265507.0,13656.0,45237.0,78594.0,321200.0,,,,,,,,,,,,,,,,,,,,,,,,
2021-01-20,US_WA,20993.0,286500.0,4494.0,49731.0,25565.0,346765.0,,,,,,,,,,,,,,,,,,,,,,,,
2021-01-21,US_WA,20442.0,306942.0,6171.0,55902.0,26658.0,373423.0,,,,,,,,,,,,,,,,,,,,,,,,
2021-01-22,US_WA,23415.0,330357.0,6250.0,62152.0,29712.0,403135.0,,,,,,,,,,,,,,,,,,,,,,,,
2021-01-23,US_WA,28860.0,359217.0,4975.0,67127.0,33862.0,436997.0,,,,,,,,,,,,,,,,,,,,,,,,
2021-01-24,US_WA,11014.0,370231.0,1359.0,68486.0,12388.0,449385.0,,,,,,,,,,,,,,,,,,,,,,,,
2021-01-25,US_WA,34095.0,404326.0,5252.0,73738.0,39400.0,488785.0,,,,,,,,,,,,,,,,,,,,,,,,
2021-01-26,US_WA,16402.0,420728.0,2406.0,76144.0,18825.0,507610.0,,,,,,,,,,,,,,,,,,,,,,,,
2021-01-27,US_WA,21167.0,441895.0,5642.0,81786.0,26835.0,534445.0,,,,,,,,,,,,,,,,,,,,,,,,
2021-01-28,US_WA,26633.0,468528.0,9947.0,91733.0,36690.0,571135.0,,,,,,,,,,,,,,,,,,,,,,,,
2021-01-29,US_WA,27480.0,496008.0,8222.0,99955.0,35936.0,607071.0,,,,,,,,,,,,,,,,,,,,,,,,
2021-01-30,US_WA,28458.0,524466.0,8266.0,108221.0,36880.0,643951.0,,,,,,,,,,,,,,,,,,,,,,,,
2021-01-31,US_WA,31039.0,555505.0,9177.0,117398.0,40393.0,684344.0,,,,,,,,,,,,,,,,,,,,,,,,
2021-02-01,US_WA,26915.0,582420.0,9274.0,126672.0,36259.0,720603.0,,,,,,,,,,,,,,,,,,,,,,,,
2021-02-02,US_WA,16893.0,599313.0,4236.0,130908.0,21166.0,741769.0,,,,,,,,,,,,,,,,,,,,,,,,
2021-02-03,US_WA,17027.0,616340.0,7022.0,137930.0,24185.0,765954.0,,,,,,,,,,,,,,,,,,,,,,,,
2021-02-04,US_WA,21600.0,637940.0,9568.0,147498.0,31404.0,797358.0,,,,,,,,,,,,,,,,,,,,,,,,
2021-02-05,US_WA,20568.0,658508.0,9819.0,157317.0,30586.0,827944.0,,,,,,,,,,,,,,,,,,,,,,,,
2021-02-06,US_WA,25976.0,684484.0,13673.0,170990.0,39829.0,867773.0,,,,,,,,,,,,,,,,,,,,,,,,
2021-02-07,US_WA,24539.0,709023.0,12667.0,183657.0,37345.0,905118.0,,,,,,,,,,,,,,,,,,,,,,,,
2021-02-08,US_WA,22716.0,731739.0,10021.0,193678.0,32808.0,937926.0,,,,,,,,,,,,,,,,,,,,,,,,
2021-02-09,US_WA,8495.0,740234.0,4701.0,198379.0,13278.0,951204.0,,,,,,,,,,,,,,,,,,,,,,,,
2021-02-10,US_WA,39945.0,780179.0,17445.0,215824.0,57742.0,1008946.0,,,,,,,,,,,,,,,,,,,,,,,,
2021-02-11,US_WA,17180.0,797359.0,13764.0,229588.0,31098.0,1040044.0,,,,,,,,,,,,,,,,,,,,,,,,
2021-02-12,US_WA,22369.0,819728.0,17893.0,247481.0,40466.0,1080510.0,,,,,,,,,,,,,,,,,,,,,,,,
2021-02-13,US_WA,25073.0,844801.0,15776.0,263257.0,41269.0,1121779.0,,,,,,,,,,,,,,,,,,,,,,,,
2021-02-14,US_WA,26052.0,870853.0,18461.0,281718.0,44692.0,1166471.0,,,,,,,,,,,,,,,,,,,,,,,,
2021-02-15,US_WA,,,,,0.0,1166471.0,,,,,,,,,,,,,,,,,,,,,,,,
2021-02-16,US_WA,19429.0,890282.0,15122.0,296840.0,34813.0,1201284.0,,,,,,,,,,,,,,,,,,,,,,,,
2021-02-17,US_WA,8523.0,898805.0,15975.0,312815.0,24636.0,1225920.0,,,,,,,,,,,,,,,,,,,,,,,,
2021-02-18,US_WA,15333.0,914138.0,14377.0,327192.0,29844.0,1255764.0,,,,,,,,,,,,,,,,,,,,,,,,
2021-02-19,US_WA,68331.0,982469.0,37278.0,364470.0,106433.0,1362197.0,,,,,,,,,,,,,,,,,,,,,,,,
2021-02-20,US_WA,19306.0,1001775.0,25371.0,389841.0,45032.0,1407229.0,,,,,,,,,,,,,,,,,,,,,,,,
2021-02-21,US_WA,14902.0,1016677.0,21546.0,411387.0,37278.0,1444507.0,,,,,,,,,,,,,,,,,,,,,,,,
2021-02-22,US_WA,14135.0,1030812.0,25034.0,436421.0,34845.0,1479352.0,,,,,,,,,,,,,,,,,,,,,,,,
2021-02-23,US_WA,5752.0,1036564.0,8677.0,445098.0,14220.0,1493572.0,,,,,,,,,,,,,,,,,,,,,,,,
2021-02-24,US_WA,0.0,1036564.0,12036.0,457134.0,0.0,1493572.0,,,,,,,,,,,,,,,,,,,,,,,,
2021-02-25,US_WA,8622.0,1045186.0,29489.0,486623.0,20844.0,1514416.0,,,,,,,,,,,,,,,,,,,,,,,,
2021-02-26,US_WA,36358.0,1081544.0,29227.0,515850.0,94774.0,1609190.0,,,,,,,,,,,,,,,,,,,,,,,,
2021-02-27,US_WA,24143.0,1105687.0,33285.0,549135.0,57649.0,1666839.0,,,,,,,,,,,,,,,,,,,,,,,,
2021-02-28,US_WA,29150.0,1134837.0,33332.0,582467.0,62369.0,1729208.0,,,,,,,,,,,,,,,,,,,,,,,,
2021-03-01,US_WA,31781.0,1166618.0,38704.0,621171.0,70822.0,1800030.0,,,,,,,,,,,,,,,,,,,,,,,,
2021-03-02,US_WA,19942.0,1186560.0,21191.0,642362.0,41130.0,1841160.0,,,,,,,,,,,,,,,,,,,,,,,,
2021-03-03,US_WA,24234.0,1210794.0,22180.0,664542.0,47038.0,1888198.0,,,,,,,,,,,,,,,,,,,,,,,,
2021-03-04,US_WA,32802.0,1243596.0,21557.0,686099.0,54679.0,1942877.0,,,,,,,,,,,,,,,,,,,,,,,,
2021-03-05,US_WA,0.0,1243596.0,25174.0,711273.0,0.0,1942877.0,,,,,,,,,,,,,,,,,,,,,,,,
2021-03-06,US_WA,77499.0,1321095.0,25041.0,736314.0,128590.0,2071467.0,,,,,,,,,,,,,,,,,,,,,,,,
2021-03-07,US_WA,45914.0,1367009.0,26414.0,762728.0,72449.0,2143916.0,,,,,,,,,,,,,,,,,,,,,,,,
2021-03-08,US_WA,44243.0,1411252.0,25591.0,788319.0,69368.0,2213284.0,,,,382837.0,,1094024.0,,,,404394.0,,1117435.0,,,,787.0,,764.0,,,,,,
2021-03-09,US_WA,26016.0,1437268.0,16006.0,804325.0,41898.0,2255182.0,,,8626.0,391463.0,27181.0,1121205.0,,,6633.0,411027.0,13995.0,1131430.0,,,745.0,1532.0,717.0,1481.0,,,,,,
2021-03-10,US_WA,32718.0,1469986.0,15299.0,819624.0,48238.0,2303420.0,,,5280.0,396743.0,28427.0,1149632.0,,,9604.0,420631.0,19386.0,1150816.0,,,406.0,1938.0,393.0,1874.0,,,,,,
2021-03-11,US_WA,45475.0,1515461.0,-819624.0,0.0,78051.0,2381471.0,,,8107.0,404850.0,30236.0,1179868.0,,,22432.0,443063.0,43355.0,1194171.0,,,4471.0,6409.0,4436.0,6310.0,,,,,,
2021-03-12,US_WA,39917.0,1555378.0,0.0,0.0,60306.0,2441777.0,,,6602.0,411452.0,33443.0,1213311.0,,,12761.0,455824.0,23328.0,1217499.0,,,3602.0,10011.0,3497.0,9807.0,,,,,,
2021-03-13,US_WA,0.0,1555378.0,878520.0,878520.0,0.0,2441777.0,,,841.0,412293.0,0.0,1213311.0,,,53.0,455877.0,0.0,1217499.0,,,0.0,10011.0,0.0,9807.0,,,,,,
2021-03-14,US_WA,82798.0,1638176.0,48191.0,926711.0,120752.0,2562529.0,,,15989.0,428282.0,65255.0,1278566.0,,,22286.0,478163.0,45624.0,1263123.0,,,9899.0,19910.0,9809.0,19616.0,,,,,,
2021-03-15,US_WA,47987.0,1686163.0,28145.0,954856.0,63519.0,2626048.0,,,7293.0,435575.0,32153.0,1310719.0,,,7700.0,485863.0,18193.0,1281316.0,,,13150.0,33060.0,13167.0,32783.0,,,,,,
2021-03-16,US_WA,28498.0,1714661.0,20341.0,975197.0,39640.0,2665688.0,,,3729.0,439304.0,16264.0,1326983.0,,,7410.0,493273.0,13208.0,1294524.0,,,9201.0,42261.0,9194.0,41977.0,,,,,,
2021-03-17,US_WA,27581.0,1742242.0,13689.0,988886.0,40151.0,2705839.0,,,5945.0,445249.0,24371.0,1351354.0,,,6166.0,499439.0,14158.0,1308682.0,,,1563.0,43824.0,1583.0,43560.0,,,,,,
2021-03-18,US_WA,34427.0,1776669.0,25018.0,1013904.0,57266.0,2763105.0,,,9836.0,455085.0,31290.0,1382644.0,,,12934.0,512373.0,23769.0,1332451.0,,,2230.0,46054.0,2154.0,45714.0,,,,,,
2021-03-19,US_WA,39431.0,1816100.0,24216.0,1038120.0,60341.0,2823446.0,,,10740.0,465825.0,30455.0,1413099.0,,,9807.0,522180.0,26226.0,1358677.0,,,3662.0,49716.0,3636.0,49350.0,,,,,,
2021-03-20,US_WA,42443.0,1858543.0,25661.0,1063781.0,66034.0,2889480.0,,,14019.0,479844.0,35321.0,1448420.0,,,9276.0,531456.0,28351.0,1387028.0,,,2352.0,52068.0,2323.0,51673.0,,,,,,
2021-03-21,US_WA,56567.0,1915110.0,29358.0,1093139.0,83080.0,2972560.0,,,16774.0,496618.0,47090.0,1495510.0,,,9211.0,540667.0,32563.0,1419591.0,,,3360.0,55428.0,3389.0,55062.0,,,,,,
2021-03-22,US_WA,53198.0,1968308.0,21045.0,1114184.0,73037.0,3045597.0,,,13441.0,510059.0,38849.0,1534359.0,,,5851.0,546518.0,32445.0,1452036.0,,,1753.0,57181.0,1739.0,56801.0,,,,,,
2021-03-23,US_WA,14600.0,1982908.0,10930.0,1125114.0,23379.0,3068976.0,,,7673.0,517732.0,15021.0,1549380.0,,,1175.0,547693.0,6264.0,1458300.0,,,2081.0,59262.0,2090.0,58891.0,,,,,,
2021-03-24,US_WA,26062.0,2008970.0,14070.0,1139184.0,39339.0,3108315.0,,,9387.0,527119.0,21642.0,1571022.0,,,3460.0,551153.0,16431.0,1474731.0,,,1213.0,60475.0,1223.0,60114.0,,,,,,
2021-03-25,US_WA,37856.0,2046826.0,26537.0,1165721.0,62335.0,3170650.0,,,18776.0,545895.0,37569.0,1608591.0,,,5451.0,556604.0,22395.0,1497126.0,,,2297.0,62772.0,2342.0,62456.0,,,,,,
2021-03-26,US_WA,50630.0,2097456.0,33346.0,1199067.0,80787.0,3251437.0,,,22529.0,568424.0,47552.0,1656143.0,,,7020.0,563624.0,29346.0,1526472.0,,,3782.0,66554.0,3853.0,66309.0,,,,,,
2021-03-27,US_WA,45421.0,2142877.0,36018.0,1235085.0,79440.0,3330877.0,,,24470.0,592894.0,47552.0,1703695.0,,,9110.0,572734.0,29412.0,1555884.0,,,2426.0,68980.0,2447.0,68756.0,,,,,,
2021-03-28,US_WA,45931.0,2188808.0,44449.0,1279534.0,88691.0,3419568.0,,,28549.0,621443.0,53597.0,1757292.0,,,13759.0,586493.0,32897.0,1588781.0,,,2129.0,71109.0,2166.0,70922.0,,,,,,
2021-03-29,US_WA,44143.0,2232951.0,38552.0,1318086.0,82073.0,3501641.0,,,26808.0,648251.0,50799.0,1808091.0,,,10549.0,597042.0,30040.0,1618821.0,,,1195.0,72304.0,1232.0,72154.0,,,,,,
2021-03-30,US_WA,17167.0,2250118.0,19349.0,1337435.0,35562.0,3537203.0,,,13971.0,662222.0,23421.0,1831512.0,,,3838.0,600880.0,10592.0,1629413.0,,,1538.0,73842.0,1545.0,73699.0,,,,,,
2021-03-31,US_WA,22580.0,2272698.0,28235.0,1365670.0,49533.0,3586736.0,,,18232.0,680454.0,30017.0,1861529.0,,,8452.0,609332.0,17927.0,1647340.0,,,1537.0,75379.0,1554.0,75253.0,,,,,,
2021-04-01,US_WA,37261.0,2309959.0,37594.0,1403264.0,73150.0,3659886.0,,,20371.0,700825.0,38863.0,1900392.0,,,15167.0,624499.0,32140.0,1679480.0,,,2049.0,77428.0,2117.0,77370.0,,,,,,
2021-04-02,US_WA,48042.0,2358001.0,40136.0,1443400.0,85505.0,3745391.0,,,23533.0,724358.0,51539.0,1951931.0,,,13062.0,637561.0,30390.0,1709870.0,,,3535.0,80963.0,3544.0,80914.0,,,,,,
2021-04-03,US_WA,51701.0,2409702.0,40750.0,1484150.0,88987.0,3834378.0,,,22530.0,746888.0,51478.0,2003409.0,,,14408.0,651969.0,33728.0,1743598.0,,,3793.0,84756.0,3745.0,84659.0,,,,,,
2021-04-04,US_WA,55123.0,2464825.0,45307.0,1529457.0,94141.0,3928519.0,,,26387.0,773275.0,54760.0,2058169.0,,,12467.0,664436.0,32805.0,1776403.0,,,6396.0,91152.0,6401.0,91060.0,,,,,,
2021-04-05,US_WA,45275.0,2510100.0,46306.0,1575763.0,86552.0,4015071.0,,,25402.0,798677.0,49007.0,2107176.0,,,15180.0,679616.0,31818.0,1808221.0,,,5723.0,96875.0,5714.0,96774.0,,,,,,
2021-04-06,US_WA,14895.0,2524995.0,11110.0,1586873.0,26423.0,4041494.0,,,7652.0,806329.0,19750.0,2126926.0,,,1944.0,681560.0,5251.0,1813472.0,,,1514.0,98389.0,1421.0,98195.0,,,,,,
2021-04-07,US_WA,34370.0,2559365.0,26666.0,1613539.0,55003.0,4096497.0,,,15080.0,821409.0,32271.0,2159197.0,,,5411.0,686971.0,16507.0,1829979.0,,,6157.0,104546.0,6186.0,104381.0,,,,,,
2021-04-08,US_WA,47323.0,2606688.0,35774.0,1649313.0,73409.0,4169906.0,,,17102.0,838511.0,38130.0,2197327.0,,,9232.0,696203.0,25852.0,1855831.0,,,9426.0,113972.0,9397.0,113778.0,,,,,,
2021-04-09,US_WA,60062.0,2666750.0,38763.0,1688076.0,86640.0,4256546.0,,,19803.0,858314.0,54932.0,2252259.0,,,6239.0,702442.0,18838.0,1874669.0,,,12704.0,126676.0,12837.0,126615.0,,,,,,
2021-04-10,US_WA,0.0,2666750.0,0.0,1688076.0,0.0,4256546.0,,,0.0,858314.0,0.0,2252259.0,,,0.0,702442.0,0.0,1874669.0,,,0.0,126676.0,0.0,126615.0,,,,,,
2021-04-11,US_WA,53224.0,2719974.0,49014.0,1737090.0,87404.0,4343950.0,,,21795.0,880109.0,45931.0,2298190.0,,,12027.0,714469.0,26297.0,1900966.0,,,15184.0,141860.0,15134.0,141749.0,,,,,,
2021-04-12,US_WA,110600.0,2830574.0,93941.0,1831031.0,183014.0,4526964.0,,,50635.0,930744.0,101239.0,2399429.0,,,19737.0,734206.0,58170.0,1959136.0,,,23562.0,165422.0,23583.0,165332.0,,,,,,
2021-04-13,US_WA,31458.0,2862032.0,29475.0,1860506.0,51192.0,4578156.0,,,12119.0,942863.0,26317.0,2425746.0,,,7080.0,741286.0,14619.0,1973755.0,,,10274.0,175696.0,10252.0,175584.0,,,,,,
2021-04-14,US_WA,36956.0,2898988.0,34738.0,1895244.0,63243.0,4641399.0,,,16200.0,959063.0,33192.0,2458938.0,,,9257.0,750543.0,20692.0,1994447.0,,,9265.0,184961.0,9313.0,184897.0,,,,,,
2021-04-15,US_WA,39956.0,2938944.0,35752.0,1930996.0,71553.0,4712952.0,,,18588.0,977651.0,39039.0,2497977.0,,,12495.0,763038.0,27856.0,2022303.0,,,4653.0,189614.0,4623.0,189520.0,,,,,,
2021-04-16,US_WA,37610.0,2976554.0,36615.0,1967611.0,73726.0,4786678.0,,,20278.0,997929.0,42669.0,2540646.0,,,15233.0,778271.0,29938.0,2052241.0,,,1082.0,190696.0,1078.0,190598.0,,,,,,
2021-04-17,US_WA,46807.0,3023361.0,39491.0,2007102.0,87885.0,4874563.0,,,21681.0,1019610.0,51927.0,2592573.0,,,17229.0,795500.0,35322.0,2087563.0,,,569.0,191265.0,600.0,191198.0,,,,,,
2021-04-18,US_WA,47299.0,3070660.0,43146.0,2050248.0,90880.0,4965443.0,,,21474.0,1041084.0,48004.0,2640577.0,,,21290.0,816790.0,42468.0,2130031.0,,,372.0,191637.0,380.0,191578.0,,,,,,
2021-04-19,US_WA,41031.0,3111691.0,42950.0,2093198.0,84749.0,5050192.0,,,19381.0,1060465.0,43889.0,2684466.0,,,23325.0,840115.0,40613.0,2170644.0,,,244.0,191881.0,246.0,191824.0,,,,,,
2021-04-20,US_WA,0.0,3111691.0,0.0,2093198.0,0.0,5050192.0,,,0.0,1060465.0,0.0,2684466.0,,,0.0,840115.0,0.0,2170644.0,,,0.0,191881.0,0.0,191824.0,,,,,,
2021-04-21,US_WA,62321.0,3174012.0,37151.0,2130349.0,99691.0,5149883.0,,,18017.0,1078482.0,55559.0,2740025.0,,,18612.0,858727.0,43683.0,2214327.0,,,509.0,192390.0,416.0,192240.0,,,,,,
2021-04-22,US_WA,40051.0,3214063.0,33526.0,2163875.0,74295.0,5224178.0,,,15686.0,1094168.0,39774.0,2779799.0,,,17485.0,876212.0,34143.0,2248470.0,,,342.0,192732.0,340.0,192580.0,,,,,,
2021-04-23,US_WA,50012.0,3264075.0,42064.0,2205939.0,92238.0,5316416.0,,,21737.0,1115905.0,54158.0,2833957.0,,,20124.0,896336.0,37885.0,2286355.0,,,183.0,192915.0,161.0,192741.0,,,,,,
2021-04-24,US_WA,41313.0,3305388.0,39114.0,2245053.0,80705.0,5397121.0,,,20585.0,1136490.0,43893.0,2877850.0,,,18044.0,914380.0,36283.0,2322638.0,,,463.0,193378.0,486.0,193227.0,,,,,,
2021-04-25,US_WA,43036.0,3348424.0,45196.0,2290249.0,88977.0,5486098.0,,,26207.0,1162697.0,48355.0,2926205.0,,,18657.0,933037.0,40267.0,2362905.0,,,316.0,193694.0,319.0,193546.0,,,,,,
2021-04-26,US_WA,46978.0,3395402.0,39671.0,2329920.0,87945.0,5574043.0,,,20693.0,1183390.0,52652.0,2978857.0,,,18831.0,951868.0,35118.0,2398023.0,,,146.0,193840.0,152.0,193698.0,,,,,,
2021-04-27,US_WA,22179.0,3417581.0,16588.0,2346508.0,39448.0,5613491.0,,,10924.0,1194314.0,25648.0,3004505.0,,,5517.0,957385.0,13647.0,2411670.0,,,145.0,193985.0,150.0,193848.0,,,,,,
2021-04-28,US_WA,29420.0,3447001.0,25167.0,2371675.0,54627.0,5668118.0,,,12947.0,1207261.0,31234.0,3035739.0,,,11510.0,968895.0,22632.0,2434302.0,,,685.0,194670.0,719.0,194567.0,,,,,,
2021-04-29,US_WA,40637.0,3487638.0,38165.0,2409840.0,79053.0,5747171.0,,,20884.0,1228145.0,45803.0,3081542.0,,,16440.0,985335.0,32358.0,2466660.0,,,818.0,195488.0,844.0,195411.0,,,,,,
2021-04-30,US_WA,36865.0,3524503.0,44865.0,2454705.0,81192.0,5828363.0,,,27126.0,1255271.0,48366.0,3129908.0,,,15989.0,1001324.0,31013.0,2497673.0,,,1737.0,197225.0,1781.0,197192.0,,,,,,
2021-05-01,US_WA,40785.0,3565288.0,38781.0,2493486.0,79159.0,5907522.0,,,16832.0,1272103.0,40298.0,3170206.0,,,19814.0,1021138.0,36667.0,2534340.0,,,2123.0,199348.0,2165.0,199357.0,,,,,,
2021-05-02,US_WA,0.0,3565288.0,0.0,2493486.0,0.0,5907522.0,,,0.0,1272103.0,0.0,3170206.0,,,0.0,1021138.0,0.0,2534340.0,,,0.0,199348.0,0.0,199357.0,,,,,,
2021-05-03,US_WA,64258.0,3629546.0,72017.0,2565503.0,133815.0,6041337.0,,,36912.0,1309015.0,73630.0,3243836.0,,,31641.0,1052779.0,56699.0,2591039.0,,,3447.0,202795.0,3443.0,202800.0,,,,,,
2021-05-04,US_WA,8351.0,3637897.0,7569.0,2573072.0,14913.0,6056250.0,,,5209.0,1314224.0,10190.0,3254026.0,,,1339.0,1054118.0,3700.0,2594739.0,,,1020.0,203815.0,1021.0,203821.0,,,,,,
2021-05-05,US_WA,19068.0,3656965.0,24690.0,2597762.0,42903.0,6099153.0,,,13856.0,1328080.0,25793.0,3279819.0,,,9708.0,1063826.0,16001.0,2610740.0,,,1105.0,204920.0,1057.0,204878.0,,,,,,
2021-05-06,US_WA,26500.0,3683465.0,37848.0,2635610.0,62881.0,6162034.0,,,20362.0,1348442.0,35081.0,3314900.0,,,15054.0,1078880.0,25322.0,2636062.0,,,2413.0,207333.0,2433.0,207311.0,,,,,,
2021-05-07,US_WA,27834.0,3711299.0,37043.0,2672653.0,61671.0,6223705.0,,,19910.0,1368352.0,34684.0,3349584.0,,,13601.0,1092481.0,23415.0,2659477.0,,,3518.0,210851.0,3535.0,210846.0,,,,,,
2021-05-08,US_WA,31391.0,3742690.0,41300.0,2713953.0,70079.0,6293784.0,,,23125.0,1391477.0,40879.0,3390463.0,,,14769.0,1107250.0,25739.0,2685216.0,,,3378.0,214229.0,3400.0,214246.0,,,,,,
2021-05-09,US_WA,29812.0,3772502.0,46126.0,2760079.0,73340.0,6367124.0,,,24932.0,1416409.0,41411.0,3431874.0,,,17946.0,1125196.0,28635.0,2713851.0,,,3237.0,217466.0,3265.0,217511.0,,,,,,
2021-05-10,US_WA,33292.0,3805794.0,59185.0,2819264.0,88547.0,6455671.0,,,34102.0,1450511.0,52235.0,3484109.0,,,19775.0,1144971.0,30822.0,2744673.0,,,5306.0,222772.0,5487.0,222998.0,,,,,,
2021-05-11,US_WA,24679.0,3830473.0,32540.0,2851804.0,47767.0,6503438.0,,,15814.0,1466325.0,24682.0,3508791.0,,,5816.0,1150787.0,10995.0,2755668.0,,,10906.0,233678.0,12088.0,235086.0,,,,,,
2021-05-12,US_WA,12481.0,3842954.0,30576.0,2882380.0,41658.0,6545096.0,,,19469.0,1485794.0,26472.0,3535263.0,,,9328.0,1160115.0,13390.0,2769058.0,,,1754.0,235432.0,1751.0,236837.0,,,,,,
2021-05-13,US_WA,21456.0,3864410.0,39432.0,2921812.0,58851.0,6603947.0,,,23132.0,1508926.0,34825.0,3570088.0,,,13530.0,1173645.0,21240.0,2790298.0,,,2748.0,238180.0,2746.0,239583.0,,,,,,
2021-05-14,US_WA,21311.0,3885721.0,40460.0,2962272.0,59929.0,6663876.0,,,24099.0,1533025.0,35999.0,3606087.0,,,13619.0,1187264.0,21157.0,2811455.0,,,2727.0,240907.0,2741.0,242324.0,,,,,,
2021-05-15,US_WA,28073.0,3913794.0,41665.0,3003937.0,67379.0,6731255.0,,,22110.0,1555135.0,39112.0,3645199.0,,,16235.0,1203499.0,24887.0,2836342.0,,,3297.0,244204.0,3341.0,245665.0,,,,,,
2021-05-16,US_WA,36077.0,3949871.0,47626.0,3051563.0,82122.0,6813377.0,,,23357.0,1578492.0,47743.0,3692942.0,,,20503.0,1224002.0,30542.0,2866884.0,,,3751.0,247955.0,3801.0,249466.0,,,,,,
2021-05-17,US_WA,-12.0,3949859.0,-9.0,3051554.0,0.0,6813377.0,,,-4.0,1578488.0,0.0,3692942.0,,,-4.0,1223998.0,0.0,2866884.0,,,-1.0,247954.0,0.0,249466.0,,,,,,
2021-05-18,US_WA,38616.0,3988475.0,60931.0,3112485.0,96880.0,6910257.0,,,35701.0,1614189.0,64733.0,3757675.0,,,20587.0,1244585.0,27493.0,2894377.0,,,4623.0,252577.0,4613.0,254079.0,,,,,,
2021-05-19,US_WA,21611.0,4010086.0,31276.0,3143761.0,51255.0,6961512.0,,,17956.0,1632145.0,33871.0,3791546.0,,,11285.0,1255870.0,15312.0,2909689.0,,,2021.0,254598.0,2039.0,256118.0,,,,,,
2021-05-20,US_WA,30242.0,4040328.0,40210.0,3183971.0,67846.0,7029358.0,,,21294.0,1653439.0,40870.0,3832416.0,,,15009.0,1270879.0,23014.0,2932703.0,,,3885.0,258483.0,3923.0,260041.0,,,,,,
2021-05-21,US_WA,0.0,4040328.0,0.0,3183971.0,0.0,7029358.0,,,0.0,1653439.0,0.0,3832416.0,,,0.0,1270879.0,0.0,2932703.0,,,0.0,258483.0,0.0,260041.0,,,,,,
2021-05-22,US_WA,77271.0,4117599.0,89101.0,3273072.0,160082.0,7189440.0,,,45806.0,1699245.0,99972.0,3932388.0,,,33893.0,1304772.0,50277.0,2982980.0,,,9374.0,267857.0,9743.0,269784.0,,,,,,
2021-05-23,US_WA,31332.0,4148931.0,44181.0,3317253.0,72216.0,7261656.0,,,18217.0,1717462.0,38711.0,3971099.0,,,21623.0,1326395.0,29094.0,3012074.0,,,4337.0,272194.0,4385.0,274169.0,,,,,,
2021-05-24,US_WA,27421.0,4176352.0,40285.0,3357538.0,65155.0,7326811.0,,,22014.0,1739476.0,41682.0,4012781.0,,,14940.0,1341335.0,20138.0,3032212.0,,,3328.0,275522.0,3331.0,277500.0,,,,,,
2021-05-25,US_WA,15524.0,4191876.0,12991.0,3370529.0,26872.0,7353683.0,,,5769.0,1745245.0,17379.0,4030160.0,,,5258.0,1346593.0,7498.0,3039710.0,,,1962.0,277484.0,1991.0,279491.0,,,,,,
2021-05-26,US_WA,19331.0,4211207.0,24246.0,3394775.0,41502.0,7395185.0,,,12620.0,1757865.0,26536.0,4056696.0,,,9073.0,1355666.0,12371.0,3052081.0,,,2534.0,280018.0,2566.0,282057.0,,,,,,
2021-05-27,US_WA,23412.0,4234619.0,30372.0,3425147.0,51227.0,7446412.0,,,12623.0,1770488.0,28053.0,4084749.0,,,14580.0,1370246.0,19970.0,3072051.0,,,3159.0,283177.0,3179.0,285236.0,,,,,,
2021-05-28,US_WA,4985.0,4239604.0,2389.0,3427536.0,6167.0,7452579.0,,,578.0,1771066.0,3532.0,4088281.0,,,1350.0,1371596.0,2241.0,3074292.0,,,449.0,283626.0,394.0,285630.0,,,,,,
2021-05-29,US_WA,44717.0,4284321.0,70581.0,3498117.0,113085.0,7565664.0,,,35374.0,1806440.0,67109.0,4155390.0,,,29383.0,1400979.0,39984.0,3114276.0,,,5796.0,289422.0,5908.0,291538.0,,,,,,
2021-05-30,US_WA,19481.0,4303802.0,33044.0,3531161.0,50293.0,7615957.0,,,13511.0,1819951.0,25318.0,4180708.0,,,16652.0,1417631.0,22048.0,3136324.0,,,2871.0,292293.0,2902.0,294440.0,,,,,,
2021-05-31,US_WA,0.0,4303802.0,0.0,3531161.0,0.0,7615957.0,,,0.0,1819951.0,0.0,4180708.0,,,0.0,1417631.0,0.0,3136324.0,,,0.0,292293.0,0.0,294440.0,,,,,,
2021-06-01,US_WA,18401.0,4322203.0,22031.0,3553192.0,38116.0,7654073.0,,,10304.0,1830255.0,21259.0,4201967.0,,,9173.0,1426804.0,14318.0,3150642.0,,,2554.0,294847.0,2539.0,296979.0,,,,,,
2021-06-02,US_WA,13289.0,4335492.0,15259.0,3568451.0,27088.0,7681161.0,,,7723.0,1837978.0,15526.0,4217493.0,,,5432.0,1432236.0,9403.0,3160045.0,,,2102.0,296949.0,2157.0,299136.0,,,,,,
2021-06-03,US_WA,15416.0,4350908.0,23740.0,3592191.0,37542.0,7718703.0,,,11278.0,1849256.0,20285.0,4237778.0,,,10187.0,1442423.0,14928.0,3174973.0,,,2258.0,299207.0,2297.0,301433.0,,,,,,
2021-06-04,US_WA,14570.0,4365478.0,23784.0,3615975.0,36657.0,7755360.0,,,11241.0,1860497.0,20338.0,4258116.0,,,10262.0,1452685.0,13953.0,3188926.0,,,2263.0,301470.0,2321.0,303754.0,,,,,,
2021-06-05,US_WA,923.0,4366401.0,870.0,3616845.0,792.0,7756152.0,,,523.0,1861020.0,592.0,4258708.0,,,204.0,1452889.0,140.0,3189066.0,,,138.0,301608.0,60.0,303814.0,,,,,,
2021-06-06,US_WA,33043.0,4399444.0,57059.0,3673904.0,86940.0,7843092.0,,,30775.0,1891795.0,50964.0,4309672.0,,,21285.0,1474174.0,30822.0,3219888.0,,,4977.0,306585.0,5108.0,308922.0,,,,,,
2021-06-07,US_WA,17457.0,4416901.0,36275.0,3710179.0,51755.0,7894847.0,,,25154.0,1916949.0,37013.0,4346685.0,,,8530.0,1482704.0,12127.0,3232015.0,,,2589.0,309174.0,2610.0,311532.0,,,,,,
2021-06-08,US_WA,8888.0,4425789.0,16942.0,3727121.0,24058.0,7918905.0,,,12030.0,1928979.0,17326.0,4364011.0,,,3290.0,1485994.0,5118.0,3237133.0,,,1622.0,310796.0,1609.0,313141.0,,,,,,
2021-06-09,US_WA,768.0,4426557.0,1093.0,3728214.0,1237.0,7920142.0,,,732.0,1929711.0,923.0,4364934.0,,,155.0,1486149.0,141.0,3237274.0,,,204.0,311000.0,173.0,313314.0,,,,,,
2021-06-10,US_WA,10443.0,4437000.0,22832.0,3751046.0,32122.0,7952264.0,,,15537.0,1945248.0,21827.0,4386761.0,,,5564.0,1491713.0,8505.0,3245779.0,,,1712.0,312712.0,1750.0,315064.0,,,,,,
2021-06-11,US_WA,11925.0,4448925.0,23531.0,3774577.0,34350.0,7986614.0,,,15112.0,1960360.0,22434.0,4409195.0,,,6567.0,1498280.0,9999.0,3255778.0,,,1840.0,314552.0,1875.0,316939.0,,,,,,
2021-06-12,US_WA,17277.0,4466202.0,33190.0,3807767.0,48639.0,8035253.0,,,21333.0,1981693.0,31254.0,4440449.0,,,9290.0,1507570.0,14718.0,3270496.0,,,2555.0,317107.0,2631.0,319570.0,,,,,,
2021-06-13,US_WA,14491.0,4480693.0,23340.0,3831107.0,36419.0,8071672.0,,,14711.0,1996404.0,23738.0,4464187.0,,,6709.0,1514279.0,10714.0,3281210.0,,,1906.0,319013.0,1934.0,321504.0,,,,,,
2021-06-14,US_WA,16464.0,4497157.0,30316.0,3861423.0,44990.0,8116662.0,,,19304.0,2015708.0,28649.0,4492836.0,,,8527.0,1522806.0,13842.0,3295052.0,,,2479.0,321492.0,2480.0,323984.0,,,,,,
2021-06-15,US_WA,13675.0,4510832.0,27608.0,3889031.0,39173.0,8155835.0,,,19637.0,2035345.0,26711.0,4519547.0,,,5733.0,1528539.0,10227.0,3305279.0,,,2237.0,323729.0,2233.0,326217.0,,,,,,
2021-06-16,US_WA,560.0,4511392.0,627.0,3889658.0,331.0,8156166.0,,,284.0,2035629.0,108.0,4519655.0,,,168.0,1528707.0,90.0,3305369.0,,,173.0,323902.0,133.0,326350.0,,,,,,
2021-06-17,US_WA,26523.0,4537915.0,61381.0,3951039.0,85427.0,8241593.0,,,40877.0,2076506.0,58246.0,4577901.0,,,16017.0,1544724.0,22492.0,3327861.0,,,4461.0,328363.0,4612.0,330962.0,,,,,,
2021-06-18,US_WA,10990.0,4548905.0,22620.0,3973659.0,32328.0,8273921.0,,,14525.0,2091031.0,21215.0,4599116.0,,,6316.0,1551040.0,9275.0,3337136.0,,,1757.0,330120.0,1782.0,332744.0,,,,,,
2021-06-19,US_WA,12884.0,4561789.0,22039.0,3995698.0,33413.0,8307334.0,,,13205.0,2104236.0,20726.0,4619842.0,,,6873.0,1557913.0,10673.0,3347809.0,,,1952.0,332072.0,1992.0,334736.0,,,,,,
2021-06-20,US_WA,10528.0,4572317.0,18230.0,4013928.0,27440.0,8334774.0,,,11202.0,2115438.0,17568.0,4637410.0,,,5380.0,1563293.0,8175.0,3355984.0,,,1638.0,333710.0,1668.0,336404.0,,,,,,
2021-06-21,US_WA,9391.0,4581708.0,16507.0,4030435.0,25041.0,8359815.0,,,11293.0,2126731.0,17653.0,4655063.0,,,4053.0,1567346.0,6229.0,3362213.0,,,1161.0,334871.0,1157.0,337561.0,,,,,,
2021-06-22,US_WA,378.0,4582086.0,311.0,4030746.0,331.0,8360146.0,,,151.0,2126882.0,127.0,4655190.0,,,81.0,1567427.0,138.0,3362351.0,,,79.0,334950.0,66.0,337627.0,,,,,,
2021-06-23,US_WA,11023.0,4593109.0,15099.0,4045845.0,24895.0,8385041.0,,,8749.0,2135631.0,15530.0,4670720.0,,,4405.0,1571832.0,7346.0,3369697.0,,,1920.0,336870.0,1961.0,339588.0,,,,,,
2021-06-24,US_WA,10222.0,4603331.0,14163.0,4060008.0,23697.0,8408738.0,,,7844.0,2143475.0,14523.0,4685243.0,,,4592.0,1576424.0,7351.0,3377048.0,,,1701.0,338571.0,1757.0,341345.0,,,,,,
2021-06-25,US_WA,9871.0,4613202.0,14480.0,4074488.0,23023.0,8431761.0,,,7991.0,2151466.0,13652.0,4698895.0,,,4668.0,1581092.0,7484.0,3384532.0,,,1807.0,340378.0,1845.0,343190.0,,,,,,
2021-06-26,US_WA,10679.0,4623881.0,16550.0,4091038.0,26194.0,8457955.0,,,9597.0,2161063.0,16425.0,4715320.0,,,5233.0,1586325.0,7973.0,3392505.0,,,1702.0,342080.0,1753.0,344943.0,,,,,,
2021-06-27,US_WA,9928.0,4633809.0,18571.0,4109609.0,27755.0,8485710.0,,,10323.0,2171386.0,16534.0,4731854.0,,,6809.0,1593134.0,9729.0,3402234.0,,,1431.0,343511.0,1467.0,346410.0,,,,,,
2021-06-28,US_WA,11895.0,4645704.0,25349.0,4134958.0,38650.0,8524360.0,,,15662.0,2187048.0,25030.0,4756884.0,,,8517.0,1601651.0,12439.0,3414673.0,,,1166.0,344677.0,1167.0,347577.0,,,,,,
2021-06-29,US_WA,8840.0,4654544.0,6926.0,4141884.0,18661.0,8543021.0,,,4926.0,2191974.0,11857.0,4768741.0,,,1554.0,1603205.0,6353.0,3421026.0,,,443.0,345120.0,445.0,348022.0,,,,,,
2021-06-30,US_WA,9310.0,4663854.0,8638.0,4150522.0,20757.0,8563778.0,,,6007.0,2197981.0,14164.0,4782905.0,,,1702.0,1604907.0,5678.0,3426704.0,,,916.0,346036.0,892.0,348914.0,,,,,,
2021-07-01,US_WA,11110.0,4674964.0,13083.0,4163605.0,25275.0,8589053.0,,,8950.0,2206931.0,17586.0,4800491.0,,,2897.0,1607804.0,6452.0,3433156.0,,,1223.0,347259.0,1212.0,350126.0,,,,,,
2021-07-02,US_WA,8268.0,4683232.0,11451.0,4175056.0,18753.0,8607806.0,,,6821.0,2213752.0,12016.0,4812507.0,,,3397.0,1611201.0,5463.0,3438619.0,,,1220.0,348479.0,1242.0,351368.0,,,,,,
2021-07-03,US_WA,8820.0,4692052.0,10883.0,4185939.0,19232.0,8627038.0,,,6510.0,2220262.0,12547.0,4825054.0,,,3056.0,1614257.0,5319.0,3443938.0,,,1306.0,349785.0,1349.0,352717.0,,,,,,
2021-07-04,US_WA,12077.0,4704129.0,13140.0,4199079.0,28973.0,8656011.0,,,8198.0,2228460.0,19828.0,4844882.0,,,3583.0,1617840.0,7773.0,3451711.0,,,1348.0,351133.0,1340.0,354057.0,,,,,,
2021-07-05,US_WA,0.0,4704129.0,0.0,4199079.0,0.0,8656011.0,,,0.0,2228460.0,0.0,4844882.0,,,0.0,1617840.0,0.0,3451711.0,,,0.0,351133.0,0.0,354057.0,,,,,,
2021-07-06,US_WA,4820.0,4708949.0,7270.0,4206349.0,20825.0,8676836.0,,,5082.0,2233542.0,14990.0,4859872.0,,,1892.0,1619732.0,5564.0,3457275.0,,,296.0,351429.0,270.0,354327.0,,,,,,
2021-07-07,US_WA,10142.0,4719091.0,13615.0,4219964.0,22884.0,8699720.0,,,8955.0,2242497.0,16116.0,4875988.0,,,3206.0,1622938.0,5250.0,3462525.0,,,1453.0,352882.0,1511.0,355838.0,,,,,,
2021-07-08,US_WA,8069.0,4727160.0,10466.0,4230430.0,17553.0,8717273.0,,,6268.0,2248765.0,11468.0,4887456.0,,,2978.0,1625916.0,4822.0,3467347.0,,,1210.0,354092.0,1231.0,357069.0,,,,,,
2021-07-09,US_WA,7641.0,4734801.0,10299.0,4240729.0,16929.0,8734202.0,,,5918.0,2254683.0,10508.0,4897964.0,,,2982.0,1628898.0,4972.0,3472319.0,,,1384.0,355476.0,1419.0,358488.0,,,,,,
2021-07-10,US_WA,7073.0,4741874.0,9352.0,4250081.0,15526.0,8749728.0,,,5528.0,2260211.0,9859.0,4907823.0,,,2643.0,1631541.0,4462.0,3476781.0,,,1165.0,356641.0,1186.0,359674.0,,,,,,
2021-07-11,US_WA,7560.0,4749434.0,10415.0,4260496.0,16742.0,8766470.0,,,5833.0,2266044.0,10151.0,4917974.0,,,3117.0,1634658.0,5091.0,3481872.0,,,1458.0,358099.0,1480.0,361154.0,,,,,,
2021-07-12,US_WA,5924.0,4755358.0,8048.0,4268544.0,13166.0,8779636.0,,,4835.0,2270879.0,8556.0,4926530.0,,,2238.0,1636896.0,3620.0,3485492.0,,,975.0,359074.0,989.0,362143.0,,,,,,
2021-07-13,US_WA,3978.0,4759336.0,4883.0,4273427.0,8060.0,8787696.0,,,2782.0,2273661.0,5225.0,4931755.0,,,1186.0,1638082.0,1892.0,3487384.0,,,913.0,359987.0,939.0,363082.0,,,,,,
2021-07-14,US_WA,4809.0,4764145.0,6085.0,4279512.0,10264.0,8797960.0,,,3880.0,2277541.0,7067.0,4938822.0,,,1387.0,1639469.0,2337.0,3489721.0,,,798.0,360785.0,823.0,363905.0,,,,,,
2021-07-15,US_WA,7045.0,4771190.0,8052.0,4287564.0,14289.0,8812249.0,,,4845.0,2282386.0,9332.0,4948154.0,,,2221.0,1641690.0,3939.0,3493660.0,,,965.0,361750.0,978.0,364883.0,,,,,,
2021-07-16,US_WA,6768.0,4777958.0,8452.0,4296016.0,14383.0,8826632.0,,,5078.0,2287464.0,9286.0,4957440.0,,,2414.0,1644104.0,4093.0,3497753.0,,,949.0,362699.0,981.0,365864.0,,,,,,
2021-07-17,US_WA,5632.0,4783590.0,6503.0,4302519.0,11641.0,8838273.0,,,3963.0,2291427.0,7676.0,4965116.0,,,1831.0,1645935.0,3202.0,3500955.0,,,695.0,363394.0,724.0,366588.0,,,,,,
2021-07-18,US_WA,5918.0,4789508.0,7167.0,4309686.0,12492.0,8850765.0,,,4591.0,2296018.0,8475.0,4973591.0,,,1872.0,1647807.0,3293.0,3504248.0,,,697.0,364091.0,705.0,367293.0,,,,,,
2021-07-19,US_WA,5604.0,4795112.0,6826.0,4316512.0,11860.0,8862625.0,,,4382.0,2300400.0,8063.0,4981654.0,,,1752.0,1649559.0,3102.0,3507350.0,,,687.0,364778.0,687.0,367980.0,,,,,,
2021-07-20,US_WA,0.0,4795112.0,0.0,4316512.0,0.0,8862625.0,,,0.0,2300400.0,0.0,4981654.0,,,0.0,1649559.0,0.0,3507350.0,,,0.0,364778.0,0.0,367980.0,,,,,,
2021-07-21,US_WA,4826.0,4799938.0,9494.0,4326006.0,12023.0,8874648.0,,,5808.0,2306208.0,8491.0,4990145.0,,,2259.0,1651818.0,2040.0,3509390.0,,,1395.0,366173.0,1431.0,369411.0,,,,,,
2021-07-22,US_WA,7308.0,4807246.0,7254.0,4333260.0,13873.0,8888521.0,,,4290.0,2310498.0,8961.0,4999106.0,,,1904.0,1653722.0,3814.0,3513204.0,,,1042.0,367215.0,1058.0,370469.0,,,,,,
2021-07-23,US_WA,7306.0,4814552.0,7258.0,4340518.0,13723.0,8902244.0,,,4216.0,2314714.0,8602.0,5007708.0,,,2072.0,1655794.0,4119.0,3517323.0,,,953.0,368168.0,958.0,371427.0,,,,,,
2021-07-24,US_WA,7883.0,4822435.0,7626.0,4348144.0,14986.0,8917230.0,,,4718.0,2319432.0,9878.0,5017586.0,,,1955.0,1657749.0,4110.0,3521433.0,,,942.0,369110.0,978.0,372405.0,,,,,,
2021-07-25,US_WA,7525.0,4829960.0,6722.0,4354866.0,13360.0,8930590.0,,,3814.0,2323246.0,8450.0,5026036.0,,,1992.0,1659741.0,3968.0,3525401.0,,,904.0,370014.0,908.0,373313.0,,,,,,
2021-07-26,US_WA,6254.0,4836214.0,5158.0,4360024.0,10938.0,8941528.0,,,3146.0,2326392.0,7244.0,5033280.0,,,1376.0,1661117.0,3047.0,3528448.0,,,634.0,370648.0,641.0,373954.0,,,,,,
2021-07-27,US_WA,3494.0,4839708.0,3064.0,4363088.0,6288.0,8947816.0,,,2000.0,2328392.0,4364.0,5037644.0,,,726.0,1661843.0,1589.0,3530037.0,,,337.0,370985.0,330.0,374284.0,,,,,,
2021-07-28,US_WA,5550.0,4845258.0,4679.0,4367767.0,9523.0,8957339.0,,,2931.0,2331323.0,6465.0,5044109.0,,,853.0,1662696.0,2094.0,3532131.0,,,881.0,371866.0,929.0,375213.0,,,,,,
2021-07-29,US_WA,7914.0,4853172.0,6424.0,4374191.0,13568.0,8970907.0,,,3788.0,2335111.0,8711.0,5052820.0,,,1641.0,1664337.0,3827.0,3535958.0,,,978.0,372844.0,992.0,376205.0,,,,,,
2021-07-30,US_WA,10584.0,4863756.0,8562.0,4382753.0,18338.0,8989245.0,,,5305.0,2340416.0,12119.0,5064939.0,,,2069.0,1666406.0,4953.0,3540911.0,,,1171.0,374015.0,1242.0,377447.0,,,,,,
2021-07-31,US_WA,8491.0,4872247.0,6075.0,4388828.0,13837.0,9003082.0,,,3624.0,2344040.0,9116.0,5074055.0,,,1484.0,1667890.0,3707.0,3544618.0,,,952.0,374967.0,977.0,378424.0,,,,,,
2021-08-01,US_WA,9049.0,4881296.0,6127.0,4394955.0,14443.0,9017525.0,,,3596.0,2347636.0,9546.0,5083601.0,,,1588.0,1669478.0,3921.0,3548539.0,,,933.0,375900.0,946.0,379370.0,,,,,,
2021-08-02,US_WA,7001.0,4888297.0,5128.0,4400083.0,11768.0,9029293.0,,,3346.0,2350982.0,8127.0,5091728.0,,,1233.0,1670711.0,3081.0,3551620.0,,,548.0,376448.0,559.0,379929.0,,,,,,
2021-08-03,US_WA,4211.0,4892508.0,3120.0,4403203.0,7005.0,9036298.0,,,2165.0,2353147.0,4990.0,5096718.0,,,627.0,1671338.0,1698.0,3553318.0,,,327.0,376775.0,317.0,380246.0,,,,,,
2021-08-04,US_WA,6808.0,4899316.0,5911.0,4409114.0,12142.0,9048440.0,,,4369.0,2357516.0,9121.0,5105839.0,,,787.0,1672125.0,2237.0,3555555.0,,,747.0,377522.0,761.0,381007.0,,,,,,
2021-08-05,US_WA,10235.0,4909551.0,6879.0,4415993.0,16280.0,9064720.0,,,4272.0,2361788.0,11012.0,5116851.0,,,1504.0,1673629.0,4119.0,3559674.0,,,1091.0,378613.0,1116.0,382123.0,,,,,,
2021-08-06,US_WA,10330.0,4919881.0,6555.0,4422548.0,16130.0,9080850.0,,,3968.0,2365756.0,10751.0,5127602.0,,,1554.0,1675183.0,4320.0,3563994.0,,,1005.0,379618.0,1023.0,383146.0,,,,,,
2021-08-07,US_WA,9789.0,4929670.0,6434.0,4428982.0,15406.0,9096256.0,,,3784.0,2369540.0,10141.0,5137743.0,,,1644.0,1676827.0,4242.0,3568236.0,,,989.0,380607.0,1003.0,384149.0,,,,,,
2021-08-08,US_WA,10444.0,4940114.0,6846.0,4435828.0,16383.0,9112639.0,,,3887.0,2373427.0,10584.0,5148327.0,,,1833.0,1678660.0,4630.0,3572866.0,,,1118.0,381725.0,1142.0,385291.0,,,,,,
2021-08-09,US_WA,8197.0,4948311.0,4940.0,4440768.0,12747.0,9125386.0,,,3141.0,2376568.0,8831.0,5157158.0,,,1215.0,1679875.0,3346.0,3576212.0,,,584.0,382309.0,567.0,385858.0,,,,,,
2021-08-10,US_WA,5145.0,4953456.0,2887.0,4443655.0,7858.0,9133244.0,,,1906.0,2378474.0,5472.0,5162630.0,,,704.0,1680579.0,2121.0,3578333.0,,,273.0,382582.0,259.0,386117.0,,,,,,
2021-08-11,US_WA,1367.0,4954823.0,437.0,4444092.0,1347.0,9134591.0,,,200.0,2378674.0,643.0,5163273.0,,,136.0,1680715.0,645.0,3578978.0,,,95.0,382677.0,59.0,386176.0,,,,,,
2021-08-12,US_WA,15736.0,4970559.0,10688.0,4454780.0,25737.0,9160328.0,,,6625.0,2385299.0,17585.0,5180858.0,,,2385.0,1683100.0,6433.0,3585411.0,,,1661.0,384338.0,1685.0,387861.0,,,,,,
2021-08-13,US_WA,12137.0,4982696.0,7663.0,4462443.0,19344.0,9179672.0,,,5063.0,2390362.0,13473.0,5194331.0,,,1784.0,1684884.0,5075.0,3590486.0,,,799.0,385137.0,766.0,388627.0,,,,,,
2021-08-14,US_WA,9872.0,4992568.0,6408.0,4468851.0,15764.0,9195436.0,,,4070.0,2394432.0,10502.0,5204833.0,,,1491.0,1686375.0,4364.0,3594850.0,,,837.0,385974.0,883.0,389510.0,,,,,,
2021-08-15,US_WA,11704.0,5004272.0,7790.0,4476641.0,19143.0,9214579.0,,,5070.0,2399502.0,12886.0,5217719.0,,,1630.0,1688005.0,5129.0,3599979.0,,,1085.0,387059.0,1117.0,390627.0,,,,,,
2021-08-16,US_WA,8261.0,5012533.0,5175.0,4481816.0,13506.0,9228085.0,,,3513.0,2403015.0,9071.0,5226790.0,,,1220.0,1689225.0,3991.0,3603970.0,,,441.0,387500.0,443.0,391070.0,,,,,,
2021-08-17,US_WA,5671.0,5018204.0,2230.0,4484046.0,9386.0,9237471.0,,,808.0,2403823.0,6338.0,5233128.0,,,-82.0,1689143.0,2805.0,3606775.0,,,1572.0,389072.0,243.0,391313.0,,,,,,
2021-08-18,US_WA,8123.0,5026327.0,5378.0,4489424.0,13967.0,9251438.0,,,3403.0,2407226.0,8873.0,5242001.0,,,1145.0,1690288.0,4218.0,3610993.0,,,825.0,389897.0,854.0,392167.0,,,,,,
2021-08-19,US_WA,11121.0,5037448.0,7763.0,4497187.0,19537.0,9270975.0,,,4887.0,2412113.0,12622.0,5254623.0,,,1825.0,1692113.0,5933.0,3616926.0,,,1039.0,390936.0,967.0,393134.0,,,,,,
2021-08-20,US_WA,11530.0,5048978.0,7669.0,4504856.0,20997.0,9291972.0,,,4888.0,2417001.0,13847.0,5268470.0,,,1955.0,1694068.0,6344.0,3623270.0,,,818.0,391754.0,794.0,393928.0,,,,,,
2021-08-21,US_WA,11281.0,5060259.0,7374.0,4512230.0,19825.0,9311797.0,,,4357.0,2421358.0,12618.0,5281088.0,,,1774.0,1695842.0,5938.0,3629208.0,,,1233.0,392987.0,1247.0,395175.0,,,,,,
2021-08-22,US_WA,12675.0,5072934.0,8778.0,4521008.0,22255.0,9334052.0,,,4631.0,2425989.0,13331.0,5294419.0,,,2603.0,1698445.0,7362.0,3636570.0,,,1542.0,394529.0,1555.0,396730.0,,,,,,
2021-08-23,US_WA,9901.0,5082835.0,6419.0,4527427.0,17874.0,9351926.0,,,4360.0,2430349.0,12395.0,5306814.0,,,1633.0,1700078.0,5080.0,3641650.0,,,427.0,394956.0,397.0,397127.0,,,,,,
2021-08-24,US_WA,6244.0,5089079.0,3736.0,4531163.0,10992.0,9362918.0,,,2515.0,2432864.0,7725.0,5314539.0,,,825.0,1700903.0,2898.0,3644548.0,,,394.0,395350.0,369.0,397496.0,,,,,,
2021-08-25,US_WA,9616.0,5098695.0,5848.0,4537011.0,16445.0,9379363.0,,,3624.0,2436488.0,11195.0,5325734.0,,,1368.0,1702271.0,4378.0,3648926.0,,,852.0,396202.0,857.0,398353.0,,,,,,
2021-08-26,US_WA,13580.0,5112275.0,8905.0,4545916.0,23532.0,9402895.0,,,5685.0,2442173.0,16696.0,5342430.0,,,2176.0,1704447.0,5838.0,3654764.0,,,1031.0,397233.0,977.0,399330.0,,,,,,
2021-08-27,US_WA,12515.0,5124790.0,8299.0,4554215.0,22344.0,9425239.0,,,5398.0,2447571.0,16176.0,5358606.0,,,1964.0,1706411.0,5222.0,3659986.0,,,931.0,398164.0,932.0,400262.0,,,,,,
2021-08-28,US_WA,0.0,5124790.0,0.0,4554215.0,0.0,9425239.0,,,0.0,2447571.0,0.0,5358606.0,,,0.0,1706411.0,0.0,3659986.0,,,0.0,398164.0,0.0,400262.0,,,,,,
2021-08-29,US_WA,24292.0,5149082.0,16732.0,4570947.0,43914.0,9469153.0,,,10758.0,2458329.0,31680.0,5390286.0,,,3976.0,1710387.0,10252.0,3670238.0,,,1984.0,400148.0,1943.0,402205.0,,,,,,
2021-08-30,US_WA,10312.0,5159394.0,6939.0,4577886.0,18934.0,9488087.0,,,4914.0,2463243.0,14137.0,5404423.0,,,1621.0,1712008.0,4399.0,3674637.0,,,403.0,400551.0,396.0,402601.0,,,,,,
2021-08-31,US_WA,5977.0,5165371.0,3747.0,4581633.0,10371.0,9498458.0,,,2633.0,2465876.0,7849.0,5412272.0,,,954.0,1712962.0,2391.0,3677028.0,,,156.0,400707.0,131.0,402732.0,,,,,,
2021-09-01,US_WA,10460.0,5175831.0,6884.0,4588517.0,17867.0,9516325.0,,,4273.0,2470149.0,12630.0,5424902.0,,,1355.0,1714317.0,3977.0,3681005.0,,,1246.0,401953.0,1238.0,403970.0,,,,,,
2021-09-02,US_WA,10192.0,5186023.0,8779.0,4597296.0,20716.0,9537041.0,,,6061.0,2476210.0,15141.0,5440043.0,,,1785.0,1716102.0,4617.0,3685622.0,,,922.0,402875.0,935.0,404905.0,,,,,,
2021-09-03,US_WA,14210.0,5200233.0,10003.0,4607299.0,25090.0,9562131.0,,,6218.0,2482428.0,17527.0,5457570.0,,,2822.0,1718924.0,6632.0,3692254.0,,,956.0,403831.0,922.0,405827.0,,,,,,
2021-09-04,US_WA,11473.0,5211706.0,8026.0,4615325.0,20845.0,9582976.0,,,5136.0,2487564.0,14461.0,5472031.0,,,2003.0,1720927.0,5492.0,3697746.0,,,880.0,404711.0,873.0,406700.0,,,,,,
2021-09-05,US_WA,0.0,5211706.0,0.0,4615325.0,0.0,9582976.0,,,0.0,2487564.0,0.0,5472031.0,,,0.0,1720927.0,0.0,3697746.0,,,0.0,404711.0,0.0,406700.0,,,,,,
2021-09-06,US_WA,0.0,5211706.0,0.0,4615325.0,0.0,9582976.0,,,0.0,2487564.0,0.0,5472031.0,,,0.0,1720927.0,0.0,3697746.0,,,0.0,404711.0,0.0,406700.0,,,,,,
2021-09-07,US_WA,7201.0,5218907.0,2854.0,4618179.0,9610.0,9592586.0,,,1478.0,2489042.0,6453.0,5478484.0,,,1226.0,1722153.0,3107.0,3700853.0,,,147.0,404858.0,50.0,406750.0,,,,,,
2021-09-08,US_WA,28095.0,5247002.0,22466.0,4640645.0,55438.0,9648024.0,,,15354.0,2504396.0,39833.0,5518317.0,,,5311.0,1727464.0,13761.0,3714614.0,,,1789.0,406647.0,1818.0,408568.0,,,,,,
2021-09-09,US_WA,8458.0,5255460.0,6525.0,4647170.0,15750.0,9663774.0,,,3808.0,2508204.0,10518.0,5528835.0,,,1966.0,1729430.0,4474.0,3719088.0,,,739.0,407386.0,737.0,409305.0,,,,,,
2021-09-10,US_WA,10440.0,5265900.0,10296.0,4657466.0,22206.0,9685980.0,,,6548.0,2514752.0,15549.0,5544384.0,,,2530.0,1731960.0,5437.0,3724525.0,,,1207.0,408593.0,1202.0,410507.0,,,,,,
2021-09-11,US_WA,14916.0,5280816.0,11028.0,4668494.0,27173.0,9713153.0,,,6602.0,2521354.0,18795.0,5563179.0,,,3233.0,1735193.0,7164.0,3731689.0,,,1179.0,409772.0,1177.0,411684.0,,,,,,
2021-09-12,US_WA,608.0,5281424.0,377.0,4668871.0,523.0,9713676.0,,,145.0,2521499.0,321.0,5563500.0,,,121.0,1735314.0,147.0,3731836.0,,,111.0,409883.0,54.0,411738.0,,,,,,
2021-09-13,US_WA,0.0,5281424.0,0.0,4668871.0,0.0,9713676.0,,,0.0,2521499.0,0.0,5563500.0,,,0.0,1735314.0,0.0,3731836.0,,,0.0,409883.0,0.0,411738.0,,,,,,
2021-09-14,US_WA,31783.0,5313207.0,29673.0,4698544.0,64661.0,9778337.0,,,20236.0,2541735.0,47423.0,5610923.0,,,7201.0,1742515.0,15000.0,3746836.0,,,2229.0,412112.0,2214.0,413952.0,,,,,,
2021-09-15,US_WA,9920.0,5323127.0,8109.0,4706653.0,18374.0,9796711.0,,,4994.0,2546729.0,12921.0,5623844.0,,,1978.0,1744493.0,4281.0,3751117.0,,,1125.0,413237.0,1113.0,415065.0,,,,,,
2021-09-16,US_WA,12358.0,5335485.0,10866.0,4717519.0,24085.0,9820796.0,,,7177.0,2553906.0,17412.0,5641256.0,,,2617.0,1747110.0,5623.0,3756740.0,,,1065.0,414302.0,1020.0,416085.0,,,,,,
2021-09-17,US_WA,10465.0,5345950.0,10218.0,4727737.0,21825.0,9842621.0,,,7041.0,2560947.0,15612.0,5656868.0,,,2136.0,1749246.0,5152.0,3761892.0,,,1028.0,415330.0,1006.0,417091.0,,,,,,
2021-09-18,US_WA,7996.0,5353946.0,8614.0,4736351.0,17283.0,9859904.0,,,5521.0,2566468.0,11628.0,5668496.0,,,2051.0,1751297.0,4622.0,3766514.0,,,1034.0,416364.0,1007.0,418098.0,,,,,,
2021-09-19,US_WA,2720.0,5356666.0,2114.0,4738465.0,4400.0,9864304.0,,,1453.0,2567921.0,3158.0,5671654.0,,,573.0,1751870.0,1195.0,3767709.0,,,88.0,416452.0,46.0,418144.0,,,,,,
2021-09-20,US_WA,2040.0,5358706.0,1785.0,4740250.0,4095.0,9868399.0,,,1351.0,2569272.0,3163.0,5674817.0,,,395.0,1752265.0,926.0,3768635.0,,,38.0,416490.0,6.0,418150.0,,,,,,
2021-09-21,US_WA,19822.0,5378528.0,24638.0,4764888.0,47829.0,9916228.0,,,17061.0,2586333.0,33976.0,5708793.0,,,5710.0,1757975.0,11927.0,3780562.0,,,1862.0,418352.0,1908.0,420058.0,,,,,,
2021-09-22,US_WA,8438.0,5386966.0,9178.0,4774066.0,18261.0,9934489.0,,,6183.0,2592516.0,12704.0,5721497.0,,,1957.0,1759932.0,4507.0,3785069.0,,,1026.0,419378.0,1027.0,421085.0,,,,,,
2021-09-23,US_WA,-308229.0,5078737.0,-192724.0,4581342.0,-473191.0,9461298.0,,,-104299.0,2488217.0,-302663.0,5418834.0,,,-49237.0,1710695.0,-130728.0,3654341.0,,,-39195.0,380183.0,-39840.0,381245.0,,,,,,
2021-09-24,US_WA,8122.0,5086859.0,10037.0,4591379.0,19677.0,9480975.0,,,6954.0,2495171.0,13899.0,5432733.0,,,1911.0,1712606.0,4560.0,3658901.0,,,1165.0,381348.0,1185.0,382430.0,,,,,,
2021-09-25,US_WA,6071.0,5092930.0,8352.0,4599731.0,15475.0,9496450.0,,,5984.0,2501155.0,11256.0,5443989.0,,,1455.0,1714061.0,3304.0,3662205.0,,,910.0,382258.0,897.0,383327.0,,,,,,
2021-09-26,US_WA,471.0,5093401.0,488.0,4600219.0,742.0,9497192.0,,,391.0,2501546.0,572.0,5444561.0,,,71.0,1714132.0,147.0,3662352.0,,,26.0,382284.0,12.0,383339.0,,,,,,
2021-09-27,US_WA,408.0,5093809.0,308.0,4600527.0,221.0,9497413.0,,,215.0,2501761.0,147.0,5444708.0,,,69.0,1714201.0,73.0,3662425.0,,,24.0,382308.0,1.0,383340.0,,,,,,
2021-09-28,US_WA,0.0,5093809.0,0.0,4600527.0,0.0,9497413.0,,,0.0,2501761.0,0.0,5444708.0,,,0.0,1714201.0,0.0,3662425.0,,,0.0,382308.0,0.0,383340.0,,,,,,
2021-09-29,US_WA,19124.0,5112933.0,24923.0,4625450.0,62446.0,9559859.0,,,17580.0,2519341.0,49269.0,5493977.0,,,4845.0,1719046.0,10574.0,3672999.0,,,2473.0,384781.0,2550.0,385890.0,,,,,,
2021-09-30,US_WA,5127.0,5118060.0,6471.0,4631921.0,20744.0,9580603.0,,,4251.0,2523592.0,17036.0,5511013.0,,,1349.0,1720395.0,2791.0,3675790.0,,,863.0,385644.0,868.0,386758.0,,,,,,
2021-10-01,US_WA,6250.0,5124310.0,7368.0,4639289.0,25469.0,9606072.0,,,5031.0,2528623.0,21259.0,5532272.0,,,1395.0,1721790.0,3205.0,3678995.0,,,931.0,386575.0,937.0,387695.0,,,,,,
2021-10-02,US_WA,4447.0,5128757.0,6067.0,4645356.0,19249.0,9625321.0,,,3757.0,2532380.0,15751.0,5548023.0,,,1257.0,1723047.0,2407.0,3681402.0,,,1042.0,387617.0,1062.0,388757.0,,,,,,
2021-10-03,US_WA,609.0,5129366.0,290.0,4645646.0,161.0,9625482.0,,,165.0,2532545.0,94.0,5548117.0,,,85.0,1723132.0,51.0,3681453.0,,,37.0,387654.0,16.0,388773.0,,,,,,
2021-10-04,US_WA,488.0,5129854.0,173.0,4645819.0,41.0,9625523.0,,,127.0,2532672.0,32.0,5548149.0,,,27.0,1723159.0,9.0,3681462.0,,,18.0,387672.0,0.0,388773.0,,,,,,
2021-10-05,US_WA,22027.0,5151881.0,39677.0,4685496.0,101074.0,9726597.0,,,29134.0,2561806.0,84623.0,5632772.0,,,6868.0,1730027.0,12451.0,3693913.0,,,3669.0,391341.0,3967.0,392740.0,,,,,,
2021-10-06,US_WA,5059.0,5156940.0,7521.0,4693017.0,21117.0,9747714.0,,,5102.0,2566908.0,17420.0,5650192.0,,,1212.0,1731239.0,2430.0,3696343.0,,,1204.0,392545.0,1239.0,393979.0,,,,,,
2021-10-07,US_WA,4215.0,5161155.0,5308.0,4698325.0,17513.0,9765227.0,,,3512.0,2570420.0,14645.0,5664837.0,,,779.0,1732018.0,1817.0,3698160.0,,,1008.0,393553.0,1025.0,395004.0,,,,,,
2021-10-08,US_WA,7939.0,5169094.0,10813.0,4709138.0,33374.0,9798601.0,,,7911.0,2578331.0,28465.0,5693302.0,,,1888.0,1733906.0,3903.0,3702063.0,,,1007.0,394560.0,983.0,395987.0,,,,,,
2021-10-09,US_WA,5591.0,5174685.0,6669.0,4715807.0,23758.0,9822359.0,,,4648.0,2582979.0,20065.0,5713367.0,,,1235.0,1735141.0,2863.0,3704926.0,,,775.0,395335.0,811.0,396798.0,,,,,,
2021-10-10,US_WA,0.0,5174685.0,0.0,4715807.0,0.0,9822359.0,,,0.0,2582979.0,0.0,5713367.0,,,0.0,1735141.0,0.0,3704926.0,,,0.0,395335.0,0.0,396798.0,,,,,,
2021-10-11,US_WA,0.0,5174685.0,0.0,4715807.0,0.0,9822359.0,,,0.0,2582979.0,0.0,5713367.0,,,0.0,1735141.0,0.0,3704926.0,,,0.0,395335.0,0.0,396798.0,,,,,,
2021-10-12,US_WA,12191.0,5186876.0,15653.0,4731460.0,53846.0,9876205.0,,,10990.0,2593969.0,45954.0,5759321.0,,,3148.0,1738289.0,6338.0,3711264.0,,,1505.0,396840.0,1530.0,398328.0,,,,,,
2021-10-13,US_WA,4566.0,5191442.0,6194.0,4737654.0,19024.0,9895229.0,,,4168.0,2598137.0,15864.0,5775185.0,,,1263.0,1739552.0,2367.0,3713631.0,,,757.0,397597.0,773.0,399101.0,,,,,,
2021-10-14,US_WA,5545.0,5196987.0,7221.0,4744875.0,23374.0,9918603.0,,,4912.0,2603049.0,19450.0,5794635.0,,,1528.0,1741080.0,3028.0,3716659.0,,,774.0,398371.0,790.0,399891.0,,,,,,
2021-10-15,US_WA,5010.0,5201997.0,7025.0,4751900.0,22000.0,9940603.0,,,4915.0,2607964.0,18632.0,5813267.0,,,1375.0,1742455.0,2604.0,3719263.0,,,724.0,399095.0,739.0,400630.0,,,,,,
2021-10-16,US_WA,4869.0,5206866.0,5485.0,4757385.0,20218.0,9960821.0,,,3532.0,2611496.0,16959.0,5830226.0,,,1197.0,1743652.0,2463.0,3721726.0,,,742.0,399837.0,758.0,401388.0,,,,,,
2021-10-17,US_WA,419.0,5207285.0,270.0,4757655.0,422.0,9961243.0,,,169.0,2611665.0,342.0,5830568.0,,,58.0,1743710.0,40.0,3721766.0,,,42.0,399879.0,23.0,401411.0,,,,,,
2021-10-18,US_WA,360.0,5207645.0,161.0,4757816.0,664.0,9961907.0,,,112.0,2611777.0,622.0,5831190.0,,,32.0,1743742.0,33.0,3721799.0,,,17.0,399896.0,7.0,401418.0,,,,,,
2021-10-19,US_WA,11411.0,5219056.0,14033.0,4771849.0,52549.0,10014456.0,,,9808.0,2621585.0,44877.0,5876067.0,,,3001.0,1746743.0,6390.0,3728189.0,,,1218.0,401114.0,1265.0,402683.0,,,,,,
2021-10-20,US_WA,4180.0,5223236.0,4817.0,4776666.0,17722.0,10032178.0,,,3137.0,2624722.0,14802.0,5890869.0,,,1091.0,1747834.0,2272.0,3730461.0,,,581.0,401695.0,594.0,403277.0,,,,,,
2021-10-21,US_WA,5328.0,5228564.0,5805.0,4782471.0,23535.0,10055713.0,,,3913.0,2628635.0,19977.0,5910846.0,,,1332.0,1749166.0,2985.0,3733446.0,,,548.0,402243.0,545.0,403822.0,,,,,,
2021-10-22,US_WA,10411.0,5238975.0,9024.0,4791495.0,25116.0,10080829.0,,,5156.0,2633791.0,20384.0,5931230.0,,,2253.0,1751419.0,3477.0,3736923.0,,,1609.0,403852.0,1238.0,405060.0,,,,,,
2021-10-23,US_WA,5496.0,5244471.0,6502.0,4797997.0,25867.0,10106696.0,,,4561.0,2638352.0,22019.0,5953249.0,,,1383.0,1752802.0,3265.0,3740188.0,,,547.0,404399.0,557.0,405617.0,,,,,,
2021-10-24,US_WA,453.0,5244924.0,224.0,4798221.0,212.0,10106908.0,,,137.0,2638489.0,160.0,5953409.0,,,46.0,1752848.0,38.0,3740226.0,,,39.0,404438.0,11.0,405628.0,,,,,,
2021-10-25,US_WA,457.0,5245381.0,121.0,4798342.0,829.0,10107737.0,,,88.0,2638577.0,795.0,5954204.0,,,28.0,1752876.0,29.0,3740255.0,,,5.0,404443.0,5.0,405633.0,,,,,,
2021-10-26,US_WA,13885.0,5259266.0,14770.0,4813112.0,75596.0,10183333.0,,,10217.0,2648794.0,55494.0,6009698.0,,,3248.0,1756124.0,18571.0,3758826.0,,,1302.0,405745.0,1507.0,407140.0,,,,,,
2021-10-27,US_WA,5283.0,5264549.0,5164.0,4818276.0,28792.0,10212125.0,,,3255.0,2652049.0,16917.0,6026615.0,,,1196.0,1757320.0,10875.0,3769701.0,,,701.0,406446.0,970.0,408110.0,,,,,,
2021-10-28,US_WA,6438.0,5270987.0,5652.0,4823928.0,37393.0,10249518.0,,,3777.0,2655826.0,22044.0,6048659.0,,,1432.0,1758752.0,14610.0,3784311.0,,,438.0,406884.0,715.0,408825.0,,,,,,
2021-10-29,US_WA,5851.0,5276838.0,5182.0,4829110.0,35742.0,10285260.0,,,3244.0,2659070.0,17218.0,6065877.0,,,1388.0,1760140.0,17518.0,3801829.0,,,533.0,407417.0,972.0,409797.0,,,,,,
2021-10-30,US_WA,6183.0,5283021.0,4924.0,4834034.0,40490.0,10325750.0,,,2798.0,2661868.0,17816.0,6083693.0,,,1454.0,1761594.0,21427.0,3823256.0,,,663.0,408080.0,1225.0,411022.0,,,,,,
2021-10-31,US_WA,924.0,5283945.0,223.0,4834257.0,313.0,10326063.0,,,113.0,2661981.0,144.0,6083837.0,,,70.0,1761664.0,126.0,3823382.0,,,37.0,408117.0,23.0,411045.0,,,,,,
2021-11-01,US_WA,377.0,5284322.0,122.0,4834379.0,70.0,10326133.0,,,73.0,2662054.0,56.0,6083893.0,,,33.0,1761697.0,9.0,3823391.0,,,16.0,408133.0,4.0,411049.0,,,,,,
2021-11-02,US_WA,14454.0,5298776.0,11923.0,4846302.0,102215.0,10428348.0,,,7419.0,2669473.0,44525.0,6128418.0,,,3184.0,1764881.0,55190.0,3878581.0,,,1315.0,409448.0,2478.0,413527.0,,,,,,
2021-11-03,US_WA,5200.0,5303976.0,3859.0,4850161.0,28102.0,10456450.0,,,2094.0,2671567.0,12354.0,6140772.0,,,992.0,1765873.0,14373.0,3892954.0,,,764.0,410212.0,1356.0,414883.0,,,,,,
2021-11-04,US_WA,5554.0,5309530.0,4560.0,4854721.0,35591.0,10492041.0,,,2486.0,2674053.0,14970.0,6155742.0,,,1346.0,1767219.0,19361.0,3912315.0,,,720.0,410932.0,1233.0,416116.0,,,,,,
2021-11-05,US_WA,4639.0,5314169.0,3955.0,4858676.0,27248.0,10519289.0,,,2200.0,2676253.0,12092.0,6167834.0,,,1074.0,1768293.0,13979.0,3926294.0,,,667.0,411599.0,1144.0,417260.0,,,,,,
2021-11-06,US_WA,5045.0,5319214.0,4229.0,4862905.0,32944.0,10552233.0,,,2276.0,2678529.0,13424.0,6181258.0,,,1245.0,1769538.0,18214.0,3944508.0,,,693.0,412292.0,1261.0,418521.0,,,,,,
2021-11-07,US_WA,830.0,5320044.0,240.0,4863145.0,378.0,10552611.0,,,91.0,2678620.0,161.0,6181419.0,,,94.0,1769632.0,171.0,3944679.0,,,51.0,412343.0,38.0,418559.0,,,,,,
2021-11-08,US_WA,773.0,5320817.0,125.0,4863270.0,21.0,10552632.0,,,59.0,2678679.0,11.0,6181430.0,,,45.0,1769677.0,9.0,3944688.0,,,20.0,412363.0,0.0,418559.0,,,,,,
2021-11-09,US_WA,14296.0,5335113.0,12733.0,4876003.0,101130.0,10653762.0,,,7719.0,2686398.0,45082.0,6226512.0,,,3619.0,1773296.0,53106.0,3997794.0,,,1390.0,413753.0,2911.0,421470.0,,,,,,
2021-11-10,US_WA,4609.0,5339722.0,3790.0,4879793.0,27586.0,10681348.0,,,2094.0,2688492.0,11694.0,6238206.0,,,1019.0,1774315.0,14732.0,4012526.0,,,667.0,414420.0,1128.0,422598.0,,,,,,
2021-11-11,US_WA,0.0,5339722.0,0.0,4879793.0,0.0,10681348.0,,,0.0,2688492.0,0.0,6238206.0,,,0.0,1774315.0,0.0,4012526.0,,,0.0,414420.0,0.0,422598.0,,,,,,
2021-11-12,US_WA,17772.0,5357494.0,5088.0,4884881.0,49670.0,10731018.0,,,3081.0,2691573.0,29385.0,6267591.0,,,1329.0,1775644.0,19006.0,4031532.0,,,667.0,415087.0,1232.0,423830.0,,,,,,
2021-11-13,US_WA,10312.0,5367806.0,4554.0,4889435.0,40426.0,10771444.0,,,2771.0,2694344.0,20789.0,6288380.0,,,1210.0,1776854.0,18569.0,4050101.0,,,556.0,415643.0,1006.0,424836.0,,,,,,
2021-11-14,US_WA,569.0,5368375.0,147.0,4889582.0,341.0,10771785.0,,,67.0,2694411.0,192.0,6288572.0,,,53.0,1776907.0,122.0,4050223.0,,,25.0,415668.0,27.0,424863.0,,,,,,
2021-11-15,US_WA,713.0,5369088.0,96.0,4889678.0,15.0,10771800.0,,,44.0,2694455.0,1.0,6288573.0,,,36.0,1776943.0,13.0,4050236.0,,,16.0,415684.0,1.0,424864.0,,,,,,
2021-11-16,US_WA,52092.0,5421180.0,13657.0,4903335.0,152009.0,10923809.0,,,8067.0,2702522.0,87655.0,6376228.0,,,3877.0,1780820.0,60531.0,4110767.0,,,1694.0,417378.0,3741.0,428605.0,,,,,,
2021-11-17,US_WA,10733.0,5431913.0,3219.0,4906554.0,30695.0,10954504.0,,,1828.0,2704350.0,16898.0,6393126.0,,,965.0,1781785.0,13003.0,4123770.0,,,420.0,417798.0,774.0,429379.0,,,,,,
2021-11-18,US_WA,0.0,5431913.0,0.0,4906554.0,0.0,10954504.0,,,0.0,2704350.0,0.0,6393126.0,,,0.0,1781785.0,0.0,4123770.0,,,0.0,417798.0,0.0,429379.0,,,,,,
2021-11-19,US_WA,10816.0,5442729.0,4301.0,4910855.0,38840.0,10993344.0,,,2463.0,2706813.0,21040.0,6414166.0,,,1253.0,1783038.0,16698.0,4140468.0,,,572.0,418370.0,1066.0,430445.0,,,,,,
2021-11-20,US_WA,10385.0,5453114.0,4493.0,4915348.0,39067.0,11032411.0,,,2457.0,2709270.0,20476.0,6434642.0,,,1504.0,1784542.0,17379.0,4157847.0,,,508.0,418878.0,1065.0,431510.0,,,,,,
2021-11-21,US_WA,11092.0,5464206.0,5264.0,4920612.0,44406.0,11076817.0,,,3181.0,2712451.0,23903.0,6458545.0,,,1496.0,1786038.0,19384.0,4177231.0,,,585.0,419463.0,1090.0,432600.0,,,,,,
2021-11-22,US_WA,1542.0,5465748.0,334.0,4920946.0,611.0,11077428.0,,,152.0,2712603.0,278.0,6458823.0,,,116.0,1786154.0,303.0,4177534.0,,,59.0,419522.0,30.0,432630.0,,,,,,
2021-11-23,US_WA,0.0,5465748.0,0.0,4920946.0,0.0,11077428.0,,,0.0,2712603.0,0.0,6458823.0,,,0.0,1786154.0,0.0,4177534.0,,,0.0,419522.0,0.0,432630.0,,,,,,
2021-11-24,US_WA,42861.0,5508609.0,14178.0,4935124.0,150575.0,11228003.0,,,8640.0,2721243.0,84739.0,6543562.0,,,3909.0,1790063.0,62658.0,4240192.0,,,1607.0,421129.0,3117.0,435747.0,,,,,,
2021-11-25,US_WA,0.0,5508609.0,0.0,4935124.0,0.0,11228003.0,,,0.0,2721243.0,0.0,6543562.0,,,0.0,1790063.0,0.0,4240192.0,,,0.0,421129.0,0.0,435747.0,,,,,,
2021-11-26,US_WA,0.0,5508609.0,0.0,4935124.0,0.0,11228003.0,,,0.0,2721243.0,0.0,6543562.0,,,0.0,1790063.0,0.0,4240192.0,,,0.0,421129.0,0.0,435747.0,,,,,,
2021-11-27,US_WA,0.0,5508609.0,0.0,4935124.0,0.0,11228003.0,,,0.0,2721243.0,0.0,6543562.0,,,0.0,1790063.0,0.0,4240192.0,,,0.0,421129.0,0.0,435747.0,,,,,,
2021-11-28,US_WA,0.0,5508609.0,0.0,4935124.0,0.0,11228003.0,,,0.0,2721243.0,0.0,6543562.0,,,0.0,1790063.0,0.0,4240192.0,,,0.0,421129.0,0.0,435747.0,,,,,,
2021-11-29,US_WA,0.0,5508609.0,0.0,4935124.0,0.0,11228003.0,,,0.0,2721243.0,0.0,6543562.0,,,0.0,1790063.0,0.0,4240192.0,,,0.0,421129.0,0.0,435747.0,,,,,,
2021-11-30,US_WA,43667.0,5552276.0,17942.0,4953066.0,149075.0,11377078.0,,,12828.0,2734071.0,90495.0,6634057.0,,,3557.0,1793620.0,55406.0,4295598.0,,,1531.0,422660.0,3105.0,438852.0,,,,,,
2021-12-01,US_WA,8253.0,5560529.0,10761.0,4963827.0,43593.0,11420671.0,,,9303.0,2743374.0,27566.0,6661623.0,,,975.0,1794595.0,15047.0,4310645.0,,,470.0,423130.0,941.0,439793.0,,,,,,
2021-12-02,US_WA,8911.0,5569440.0,8668.0,4972495.0,47885.0,11468556.0,,,6947.0,2750321.0,27672.0,6689295.0,,,1200.0,1795795.0,19076.0,4329721.0,,,510.0,423640.0,1105.0,440898.0,,,,,,
2021-12-03,US_WA,8432.0,5577872.0,8209.0,4980704.0,46342.0,11514898.0,,,6567.0,2756888.0,26227.0,6715522.0,,,1137.0,1796932.0,19023.0,4348744.0,,,490.0,424130.0,1061.0,441959.0,,,,,,
2021-12-04,US_WA,6914.0,5584786.0,6297.0,4987001.0,39728.0,11554626.0,,,4947.0,2761835.0,21724.0,6737246.0,,,941.0,1797873.0,17046.0,4365790.0,,,401.0,424531.0,926.0,442885.0,,,,,,
2021-12-05,US_WA,1208.0,5585994.0,300.0,4987301.0,675.0,11555301.0,,,186.0,2762021.0,459.0,6737705.0,,,59.0,1797932.0,174.0,4365964.0,,,49.0,424580.0,42.0,442927.0,,,,,,
2021-12-06,US_WA,642.0,5586636.0,241.0,4987542.0,40.0,11555341.0,,,173.0,2762194.0,33.0,6737738.0,,,39.0,1797971.0,7.0,4365971.0,,,24.0,424604.0,0.0,442927.0,,,,,,
2021-12-07,US_WA,19550.0,5606186.0,43002.0,5030544.0,144750.0,11700091.0,,,39890.0,2802084.0,95296.0,6833034.0,,,2146.0,1800117.0,47189.0,4413160.0,,,955.0,425559.0,2232.0,445159.0,,,,,,
2021-12-08,US_WA,6758.0,5612944.0,8144.0,5038688.0,37839.0,11737930.0,,,6849.0,2808933.0,22620.0,6855654.0,,,880.0,1800997.0,14357.0,4427517.0,,,403.0,425962.0,839.0,445998.0,,,,,,
2021-12-09,US_WA,8271.0,5621215.0,9446.0,5048134.0,48960.0,11786890.0,,,7550.0,2816483.0,28797.0,6884451.0,,,1406.0,1802403.0,19077.0,4446594.0,,,474.0,426436.0,1061.0,447059.0,,,,,,
2021-12-10,US_WA,9794.0,5631009.0,10561.0,5058695.0,58069.0,11844959.0,,,8870.0,2825353.0,33686.0,6918137.0,,,1189.0,1803592.0,23171.0,4469765.0,,,476.0,426912.0,1167.0,448226.0,,,,,,
2021-12-11,US_WA,8058.0,5639067.0,7889.0,5066584.0,45262.0,11890221.0,,,6294.0,2831647.0,26826.0,6944963.0,,,1058.0,1804650.0,17315.0,4487080.0,,,522.0,427434.0,1095.0,449321.0,,,,,,
2021-12-12,US_WA,841.0,5639908.0,268.0,5066852.0,447.0,11890668.0,,,178.0,2831825.0,278.0,6945241.0,,,45.0,1804695.0,134.0,4487214.0,,,31.0,427465.0,35.0,449356.0,,,,,,
2021-12-13,US_WA,795.0,5640703.0,192.0,5067044.0,150.0,11890818.0,,,117.0,2831942.0,105.0,6945346.0,,,53.0,1804748.0,45.0,4487259.0,,,16.0,427481.0,0.0,449356.0,,,,,,
2021-12-14,US_WA,17446.0,5658149.0,27501.0,5094545.0,125421.0,12016239.0,,,23485.0,2855427.0,77846.0,7023192.0,,,3136.0,1807884.0,45519.0,4532778.0,,,858.0,428339.0,1995.0,451351.0,,,,,,
2021-12-15,US_WA,0.0,5658149.0,0.0,5094545.0,0.0,12016239.0,,,0.0,2855427.0,0.0,7023192.0,,,0.0,1807884.0,0.0,4532778.0,,,0.0,428339.0,0.0,451351.0,,,,,,
2021-12-16,US_WA,747.0,5658896.0,225.0,5094770.0,434.0,12016673.0,,,129.0,2855556.0,245.0,7023437.0,,,60.0,1807944.0,178.0,4532956.0,,,30.0,428369.0,11.0,451362.0,,,,,,
2021-12-17,US_WA,22558.0,5681454.0,23522.0,5118292.0,135934.0,12152607.0,,,19167.0,2874723.0,80635.0,7104072.0,,,3018.0,1810962.0,52409.0,4585365.0,,,1293.0,429662.0,2808.0,454170.0,,,,,,
2021-12-18,US_WA,0.0,5681454.0,0.0,5118292.0,0.0,12152607.0,,,0.0,2874723.0,0.0,7104072.0,,,0.0,1810962.0,0.0,4585365.0,,,0.0,429662.0,0.0,454170.0,,,,,,
2021-12-19,US_WA,8935.0,5690389.0,5678.0,5123970.0,44874.0,12197481.0,,,4051.0,2878774.0,26072.0,7130144.0,,,1114.0,1812076.0,17774.0,4603139.0,,,496.0,430158.0,998.0,455168.0,,,,,,
2021-12-20,US_WA,957.0,5691346.0,187.0,5124157.0,25.0,12197506.0,,,107.0,2878881.0,12.0,7130156.0,,,56.0,1812132.0,13.0,4603152.0,,,18.0,430176.0,0.0,455168.0,,,,,,
2021-12-21,US_WA,16729.0,5708075.0,11150.0,5135307.0,104590.0,12302096.0,,,8566.0,2887447.0,63157.0,7193313.0,,,2028.0,1814160.0,40169.0,4643321.0,,,534.0,430710.0,1228.0,456396.0,,,,,,
2021-12-22,US_WA,9683.0,5717758.0,7191.0,5142498.0,52870.0,12354966.0,,,5530.0,2892977.0,30997.0,7224310.0,,,1267.0,1815427.0,21095.0,4664416.0,,,371.0,431081.0,720.0,457116.0,,,,,,
2021-12-23,US_WA,8988.0,5726746.0,5736.0,5148234.0,47830.0,12402796.0,,,4069.0,2897046.0,25834.0,7250144.0,,,1283.0,1816710.0,21264.0,4685680.0,,,352.0,431433.0,661.0,457777.0,,,,,,
2021-12-24,US_WA,0.0,5726746.0,0.0,5148234.0,0.0,12402796.0,,,0.0,2897046.0,0.0,7250144.0,,,0.0,1816710.0,0.0,4685680.0,,,0.0,431433.0,0.0,457777.0,,,,,,
2021-12-25,US_WA,0.0,5726746.0,0.0,5148234.0,0.0,12402796.0,,,0.0,2897046.0,0.0,7250144.0,,,0.0,1816710.0,0.0,4685680.0,,,0.0,431433.0,0.0,457777.0,,,,,,
2021-12-26,US_WA,0.0,5726746.0,0.0,5148234.0,0.0,12402796.0,,,0.0,2897046.0,0.0,7250144.0,,,0.0,1816710.0,0.0,4685680.0,,,0.0,431433.0,0.0,457777.0,,,,,,
2021-12-27,US_WA,11703.0,5738449.0,6793.0,5155027.0,54949.0,12457745.0,,,5228.0,2902274.0,32429.0,7282573.0,,,1230.0,1817940.0,21906.0,4707586.0,,,305.0,431738.0,559.0,458336.0,,,,,,
2021-12-28,US_WA,11567.0,5750016.0,7776.0,5162803.0,66753.0,12524498.0,,,5857.0,2908131.0,39365.0,7321938.0,,,1516.0,1819456.0,26517.0,4734103.0,,,387.0,432125.0,830.0,459166.0,,,,,,
2021-12-29,US_WA,4791.0,5754807.0,3922.0,5166725.0,23473.0,12547971.0,,,3185.0,2911316.0,14546.0,7336484.0,,,550.0,1820006.0,8554.0,4742657.0,,,178.0,432303.0,361.0,459527.0,,,,,,
2021-12-30,US_WA,5905.0,5760712.0,5002.0,5171727.0,32244.0,12580215.0,,,4012.0,2915328.0,19369.0,7355853.0,,,774.0,1820780.0,12401.0,4755058.0,,,203.0,432506.0,375.0,459902.0,,,,,,
2021-12-31,US_WA,0.0,5760712.0,0.0,5171727.0,0.0,12580215.0,,,0.0,2915328.0,0.0,7355853.0,,,0.0,1820780.0,0.0,4755058.0,,,0.0,432506.0,0.0,459902.0,,,,,,
2022-01-01,US_WA,0.0,5760712.0,0.0,5171727.0,0.0,12580215.0,,,0.0,2915328.0,0.0,7355853.0,,,0.0,1820780.0,0.0,4755058.0,,,0.0,432506.0,0.0,459902.0,,,,,,
2022-01-02,US_WA,0.0,5760712.0,0.0,5171727.0,0.0,12580215.0,,,0.0,2915328.0,0.0,7355853.0,,,0.0,1820780.0,0.0,4755058.0,,,0.0,432506.0,0.0,459902.0,,,,,,
2022-01-03,US_WA,0.0,5760712.0,0.0,5171727.0,0.0,12580215.0,,,0.0,2915328.0,0.0,7355853.0,,,0.0,1820780.0,0.0,4755058.0,,,0.0,432506.0,0.0,459902.0,,,,,,
2022-01-04,US_WA,21325.0,5782037.0,13619.0,5185346.0,104261.0,12684476.0,,,10706.0,2926034.0,63839.0,7419692.0,,,2249.0,1823029.0,39004.0,4794062.0,,,636.0,433142.0,1354.0,461256.0,,,,,,
2022-01-05,US_WA,4867.0,5786904.0,3792.0,5189138.0,22829.0,12707305.0,,,2954.0,2928988.0,14149.0,7433841.0,,,657.0,1823686.0,8314.0,4802376.0,,,166.0,433308.0,332.0,461588.0,,,,,,
2022-01-06,US_WA,0.0,5786904.0,0.0,5189138.0,0.0,12707305.0,,,0.0,2928988.0,0.0,7433841.0,,,0.0,1823686.0,0.0,4802376.0,,,0.0,433308.0,0.0,461588.0,,,,,,
2022-01-07,US_WA,6474.0,5793378.0,4850.0,5193988.0,33235.0,12740540.0,,,3669.0,2932657.0,20180.0,7454021.0,,,848.0,1824534.0,12440.0,4814816.0,,,322.0,433630.0,588.0,462176.0,,,,,,
2022-01-08,US_WA,13954.0,5807332.0,9900.0,5203888.0,71167.0,12811707.0,,,7753.0,2940410.0,43475.0,7497496.0,,,1557.0,1826091.0,26496.0,4841312.0,,,555.0,434185.0,1109.0,463285.0,,,,,,
2022-01-09,US_WA,630.0,5807962.0,179.0,5204067.0,238.0,12811945.0,,,110.0,2940520.0,171.0,7497667.0,,,35.0,1826126.0,54.0,4841366.0,,,32.0,434217.0,13.0,463298.0,,,,,,
2022-01-10,US_WA,385.0,5808347.0,110.0,5204177.0,41.0,12811986.0,,,63.0,2940583.0,1.0,7497668.0,,,29.0,1826155.0,40.0,4841406.0,,,13.0,434230.0,0.0,463298.0,,,,,,
2022-01-11,US_WA,14498.0,5822845.0,11521.0,5215698.0,85300.0,12897286.0,,,9662.0,2950245.0,55292.0,7552960.0,,,1405.0,1827560.0,28954.0,4870360.0,,,433.0,434663.0,997.0,464295.0,,,,,,
2022-01-12,US_WA,6876.0,5829721.0,4946.0,5220644.0,32292.0,12929578.0,,,4005.0,2954250.0,21500.0,7574460.0,,,697.0,1828257.0,10318.0,4880678.0,,,232.0,434895.0,450.0,464745.0,,,,,,
2022-01-13,US_WA,8686.0,5838407.0,6100.0,5226744.0,38919.0,12968497.0,,,4229.0,2958479.0,23011.0,7597471.0,,,1460.0,1829717.0,15271.0,4895949.0,,,404.0,435299.0,614.0,465359.0,,,,,,
2022-01-14,US_WA,6643.0,5845050.0,5515.0,5232259.0,35942.0,13004439.0,,,4407.0,2962886.0,23140.0,7620611.0,,,837.0,1830554.0,12186.0,4908135.0,,,258.0,435557.0,579.0,465938.0,,,,,,
2022-01-15,US_WA,0.0,5845050.0,0.0,5232259.0,0.0,13004439.0,,,0.0,2962886.0,0.0,7620611.0,,,0.0,1830554.0,0.0,4908135.0,,,0.0,435557.0,0.0,465938.0,,,,,,
2022-01-16,US_WA,6975.0,5852025.0,4488.0,5236747.0,35400.0,13039839.0,,,3432.0,2966318.0,22824.0,7643435.0,,,770.0,1831324.0,12008.0,4920143.0,,,264.0,435821.0,526.0,466464.0,,,,,,
2022-01-17,US_WA,0.0,5852025.0,0.0,5236747.0,0.0,13039839.0,,,0.0,2966318.0,0.0,7643435.0,,,0.0,1831324.0,0.0,4920143.0,,,0.0,435821.0,0.0,466464.0,,,,,,
2022-01-18,US_WA,1000.0,5853025.0,237.0,5236984.0,209.0,13040048.0,,,141.0,2966459.0,125.0,7643560.0,,,56.0,1831380.0,79.0,4920222.0,,,31.0,435852.0,5.0,466469.0,,,,,,
2022-01-19,US_WA,85842.0,5938867.0,54738.0,5291722.0,96584.0,13136632.0,,,27797.0,2994256.0,64169.0,7707729.0,,,21004.0,1852384.0,31087.0,4951309.0,,,5913.0,441765.0,1255.0,467724.0,,,,,,
2022-01-20,US_WA,5139.0,5944006.0,3336.0,5295058.0,26031.0,13162663.0,,,2415.0,2996671.0,16838.0,7724567.0,,,734.0,1853118.0,8751.0,4960060.0,,,177.0,441942.0,422.0,468146.0,,,,,,
2022-01-21,US_WA,5877.0,5949883.0,4044.0,5299102.0,28322.0,13190985.0,,,3081.0,2999752.0,18369.0,7742936.0,,,707.0,1853825.0,9498.0,4969558.0,,,232.0,442174.0,415.0,468561.0,,,,,,
2022-01-22,US_WA,553.0,5950436.0,158.0,5299260.0,234.0,13191219.0,,,90.0,2999842.0,110.0,7743046.0,,,47.0,1853872.0,120.0,4969678.0,,,15.0,442189.0,4.0,468565.0,,,,,,
2022-01-23,US_WA,609.0,5951045.0,174.0,5299434.0,262.0,13191481.0,,,102.0,2999944.0,178.0,7743224.0,,,54.0,1853926.0,80.0,4969758.0,,,13.0,442202.0,4.0,468569.0,,,,,,
2022-01-24,US_WA,500.0,5951545.0,123.0,5299557.0,5.0,13191486.0,,,69.0,3000013.0,1.0,7743225.0,,,36.0,1853962.0,4.0,4969762.0,,,16.0,442218.0,0.0,468569.0,,,,,,
2022-01-25,US_WA,15993.0,5967538.0,10533.0,5310090.0,89203.0,13280689.0,,,7880.0,3007893.0,57694.0,7800919.0,,,2003.0,1855965.0,30029.0,4999791.0,,,616.0,442834.0,1400.0,469969.0,,,,,,
2022-01-26,US_WA,5153.0,5972691.0,3244.0,5313334.0,25593.0,13306282.0,,,2616.0,3010509.0,17694.0,7818613.0,,,468.0,1856433.0,7591.0,5007382.0,,,145.0,442979.0,284.0,470253.0,,,,,,
2022-01-27,US_WA,3828.0,5976519.0,3456.0,5316790.0,23992.0,13330274.0,,,2702.0,3013211.0,15601.0,7834214.0,,,567.0,1857000.0,7981.0,5015363.0,,,163.0,443142.0,338.0,470591.0,,,,,,
2022-01-28,US_WA,4822.0,5981341.0,3564.0,5320354.0,22386.0,13352660.0,,,2684.0,3015895.0,14876.0,7849090.0,,,635.0,1857635.0,7064.0,5022427.0,,,214.0,443356.0,381.0,470972.0,,,,,,
2022-01-29,US_WA,4910.0,5986251.0,4333.0,5324687.0,25304.0,13377964.0,,,3400.0,3019295.0,16955.0,7866045.0,,,688.0,1858323.0,7854.0,5030281.0,,,210.0,443566.0,408.0,471380.0,,,,,,
2022-01-30,US_WA,531.0,5986782.0,191.0,5324878.0,181.0,13378145.0,,,133.0,3019428.0,134.0,7866179.0,,,41.0,1858364.0,45.0,5030326.0,,,15.0,443581.0,2.0,471382.0,,,,,,
2022-01-31,US_WA,0.0,5986782.0,0.0,5324878.0,0.0,13378145.0,,,0.0,3019428.0,0.0,7866179.0,,,0.0,1858364.0,0.0,5030326.0,,,0.0,443581.0,0.0,471382.0,,,,,,
2022-02-01,US_WA,11117.0,5997899.0,9372.0,5334250.0,59287.0,13437432.0,,,7786.0,3027214.0,40856.0,7907035.0,,,1182.0,1859546.0,17523.0,5047849.0,,,376.0,443957.0,844.0,472226.0,,,,,,
2022-02-02,US_WA,4362.0,6002261.0,3976.0,5338226.0,20476.0,13457908.0,,,3196.0,3030410.0,14133.0,7921168.0,,,588.0,1860134.0,5965.0,5053814.0,,,159.0,444116.0,287.0,472513.0,,,,,,
2022-02-03,US_WA,0.0,6002261.0,0.0,5338226.0,0.0,13457908.0,,,0.0,3030410.0,0.0,7921168.0,,,0.0,1860134.0,0.0,5053814.0,,,0.0,444116.0,0.0,472513.0,,,,,,
2022-02-04,US_WA,7463.0,6009724.0,7197.0,5345423.0,35599.0,13493507.0,,,5558.0,3035968.0,23801.0,7944969.0,,,1153.0,1861287.0,11099.0,5064913.0,,,462.0,444578.0,648.0,473161.0,,,,,,
2022-02-05,US_WA,4189.0,6013913.0,4007.0,5349430.0,18714.0,13512221.0,,,3164.0,3039132.0,12545.0,7957514.0,,,609.0,1861896.0,5706.0,5070619.0,,,205.0,444783.0,380.0,473541.0,,,,,,
2022-02-06,US_WA,831.0,6014744.0,223.0,5349653.0,139.0,13512360.0,,,136.0,3039268.0,95.0,7957609.0,,,56.0,1861952.0,41.0,5070660.0,,,30.0,444813.0,3.0,473544.0,,,,,,
2022-02-07,US_WA,294.0,6015038.0,70.0,5349723.0,8.0,13512368.0,,,24.0,3039292.0,6.0,7957615.0,,,29.0,1861981.0,2.0,5070662.0,,,17.0,444830.0,0.0,473544.0,,,,,,
2022-02-08,US_WA,6659.0,6021697.0,7193.0,5356916.0,36618.0,13548986.0,,,5822.0,3045114.0,24528.0,7982143.0,,,1039.0,1863020.0,11424.0,5082086.0,,,313.0,445143.0,623.0,474167.0,,,,,,
2022-02-09,US_WA,3216.0,6024913.0,3983.0,5360899.0,18120.0,13567106.0,,,3232.0,3048346.0,12861.0,7995004.0,,,598.0,1863618.0,5010.0,5087096.0,,,142.0,445285.0,226.0,474393.0,,,,,,
2022-02-10,US_WA,3396.0,6028309.0,3644.0,5364543.0,15876.0,13582982.0,,,2871.0,3051217.0,10772.0,8005776.0,,,600.0,1864218.0,4788.0,5091884.0,,,159.0,445444.0,285.0,474678.0,,,,,,
2022-02-11,US_WA,3116.0,6031425.0,3450.0,5367993.0,14728.0,13597710.0,,,2725.0,3053942.0,9896.0,8015672.0,,,554.0,1864772.0,4506.0,5096390.0,,,163.0,445607.0,310.0,474988.0,,,,,,
2022-02-12,US_WA,4092.0,6035517.0,3956.0,5371949.0,17690.0,13615400.0,,,3156.0,3057098.0,12372.0,8028044.0,,,588.0,1865360.0,4943.0,5101333.0,,,202.0,445809.0,349.0,475337.0,,,,,,
2022-02-13,US_WA,271.0,6035788.0,142.0,5372091.0,98.0,13615498.0,,,95.0,3057193.0,80.0,8028124.0,,,32.0,1865392.0,14.0,5101347.0,,,12.0,445821.0,4.0,475341.0,,,,,,
2022-02-14,US_WA,206.0,6035994.0,67.0,5372158.0,8.0,13615506.0,,,44.0,3057237.0,5.0,8028129.0,,,16.0,1865408.0,3.0,5101350.0,,,7.0,445828.0,0.0,475341.0,,,,,,
2022-02-15,US_WA,6592.0,6042586.0,7129.0,5379287.0,33471.0,13648977.0,,,5634.0,3062871.0,22952.0,8051081.0,,,1099.0,1866507.0,9807.0,5111157.0,,,382.0,446210.0,675.0,476016.0,,,,,,
2022-02-16,US_WA,0.0,6042586.0,0.0,5379287.0,0.0,13648977.0,,,0.0,3062871.0,0.0,8051081.0,,,0.0,1866507.0,0.0,5111157.0,,,0.0,446210.0,0.0,476016.0,,,,,,
2022-02-17,US_WA,5921.0,6048507.0,32792.0,5412079.0,89520.0,13738497.0,,,22677.0,3085548.0,52850.0,8103931.0,,,9693.0,1876200.0,33775.0,5144932.0,,,395.0,446605.0,2828.0,478844.0,,,,,,
2022-02-18,US_WA,4062.0,6052569.0,4655.0,5416734.0,17447.0,13755944.0,,,2439.0,3087987.0,9464.0,8113395.0,,,1525.0,1877725.0,6961.0,5151893.0,,,676.0,447281.0,984.0,479828.0,,,,,,
2022-02-19,US_WA,2596.0,6055165.0,2973.0,5419707.0,12124.0,13768068.0,,,2281.0,3090268.0,8089.0,8121484.0,,,526.0,1878251.0,3750.0,5155643.0,,,151.0,447432.0,253.0,480081.0,,,,,,
2022-02-20,US_WA,0.0,6055165.0,0.0,5419707.0,0.0,13768068.0,,,0.0,3090268.0,0.0,8121484.0,,,0.0,1878251.0,0.0,5155643.0,,,0.0,447432.0,0.0,480081.0,,,,,,
2022-02-21,US_WA,0.0,6055165.0,0.0,5419707.0,0.0,13768068.0,,,0.0,3090268.0,0.0,8121484.0,,,0.0,1878251.0,0.0,5155643.0,,,0.0,447432.0,0.0,480081.0,,,,,,
2022-02-22,US_WA,517.0,6055682.0,227.0,5419934.0,114.0,13768182.0,,,171.0,3090439.0,79.0,8121563.0,,,36.0,1878287.0,35.0,5155678.0,,,18.0,447450.0,0.0,480081.0,,,,,,
2022-02-23,US_WA,7216.0,6062898.0,8778.0,5428712.0,38480.0,13806662.0,,,7147.0,3097586.0,27252.0,8148815.0,,,1279.0,1879566.0,10582.0,5166260.0,,,337.0,447787.0,608.0,480689.0,,,,,,
2022-02-24,US_WA,2381.0,6065279.0,2936.0,5431648.0,11998.0,13818660.0,,,2346.0,3099932.0,8479.0,8157294.0,,,485.0,1880051.0,3311.0,5169571.0,,,98.0,447885.0,186.0,480875.0,,,,,,
2022-02-25,US_WA,2380.0,6067659.0,2824.0,5434472.0,10861.0,13829521.0,,,2196.0,3102128.0,7577.0,8164871.0,,,501.0,1880552.0,3092.0,5172663.0,,,115.0,448000.0,167.0,481042.0,,,,,,
2022-02-26,US_WA,2019.0,6069678.0,2618.0,5437090.0,9675.0,13839196.0,,,2097.0,3104225.0,6811.0,8171682.0,,,387.0,1880939.0,2654.0,5175317.0,,,121.0,448121.0,181.0,481223.0,,,,,,
2022-02-27,US_WA,0.0,6069678.0,0.0,5437090.0,0.0,13839196.0,,,0.0,3104225.0,0.0,8171682.0,,,0.0,1880939.0,0.0,5175317.0,,,0.0,448121.0,0.0,481223.0,,,,,,
2022-02-28,US_WA,695.0,6070373.0,443.0,5437533.0,100.0,13839296.0,,,280.0,3104505.0,78.0,8171760.0,,,121.0,1881060.0,20.0,5175337.0,,,42.0,448163.0,1.0,481224.0,,,,,,
2022-03-01,US_WA,4639.0,6075012.0,5492.0,5443025.0,23144.0,13862440.0,,,4410.0,3108915.0,16622.0,8188382.0,,,817.0,1881877.0,6068.0,5181405.0,,,252.0,448415.0,423.0,481647.0,,,,,,
2022-03-02,US_WA,0.0,6075012.0,0.0,5443025.0,0.0,13862440.0,,,0.0,3108915.0,0.0,8188382.0,,,0.0,1881877.0,0.0,5181405.0,,,0.0,448415.0,0.0,481647.0,,,,,,
2022-03-03,US_WA,1834.0,6076846.0,2061.0,5445086.0,7720.0,13870160.0,,,1578.0,3110493.0,5473.0,8193855.0,,,370.0,1882247.0,2050.0,5183455.0,,,96.0,448511.0,153.0,481800.0,,,,,,
2022-03-04,US_WA,3533.0,6080379.0,4311.0,5449397.0,16852.0,13887012.0,,,3219.0,3113712.0,11408.0,8205263.0,,,823.0,1883070.0,5005.0,5188460.0,,,241.0,448752.0,381.0,482181.0,,,,,,
2022-03-05,US_WA,1829.0,6082208.0,2252.0,5451649.0,8831.0,13895843.0,,,1738.0,3115450.0,6010.0,8211273.0,,,404.0,1883474.0,2641.0,5191101.0,,,99.0,448851.0,163.0,482344.0,,,,,,
2022-03-06,US_WA,184.0,6082392.0,96.0,5451745.0,85.0,13895928.0,,,55.0,3115505.0,65.0,8211338.0,,,30.0,1883504.0,19.0,5191120.0,,,10.0,448861.0,1.0,482345.0,,,,,,
2022-03-07,US_WA,87.0,6082479.0,31.0,5451776.0,4.0,13895932.0,,,20.0,3115525.0,4.0,8211342.0,,,8.0,1883512.0,0.0,5191120.0,,,3.0,448864.0,0.0,482345.0,,,,,,
2022-03-08,US_WA,3866.0,6086345.0,4562.0,5456338.0,18979.0,13914911.0,,,3554.0,3119079.0,13251.0,8224593.0,,,775.0,1884287.0,5336.0,5196456.0,,,221.0,449085.0,357.0,482702.0,,,,,,
2022-03-09,US_WA,1598.0,6087943.0,1589.0,5457927.0,6583.0,13921494.0,,,1175.0,3120254.0,4507.0,8229100.0,,,284.0,1884571.0,1892.0,5198348.0,,,117.0,449202.0,154.0,482856.0,,,,,,
2022-03-10,US_WA,1620.0,6089563.0,1806.0,5459733.0,7652.0,13929146.0,,,1258.0,3121512.0,4971.0,8234071.0,,,395.0,1884966.0,2426.0,5200774.0,,,137.0,449339.0,227.0,483083.0,,,,,,
2022-03-11,US_WA,0.0,6089563.0,0.0,5459733.0,0.0,13929146.0,,,0.0,3121512.0,0.0,8234071.0,,,0.0,1884966.0,0.0,5200774.0,,,0.0,449339.0,0.0,483083.0,,,,,,
2022-03-12,US_WA,1419.0,6090982.0,1699.0,5461432.0,6626.0,13935772.0,,,1264.0,3122776.0,4613.0,8238684.0,,,316.0,1885282.0,1836.0,5202610.0,,,100.0,449439.0,145.0,483228.0,,,,,,
2022-03-13,US_WA,1600.0,6092582.0,1756.0,5463188.0,6900.0,13942672.0,,,1286.0,3124062.0,4618.0,8243302.0,,,372.0,1885654.0,2121.0,5204731.0,,,88.0,449527.0,135.0,483363.0,,,,,,
2022-03-14,US_WA,235.0,6092817.0,134.0,5463322.0,98.0,13942770.0,,,81.0,3124143.0,51.0,8243353.0,,,37.0,1885691.0,46.0,5204777.0,,,14.0,449541.0,1.0,483364.0,,,,,,
2022-03-15,US_WA,2368.0,6095185.0,2939.0,5466261.0,11666.0,13954436.0,,,2363.0,3126506.0,8427.0,8251780.0,,,451.0,1886142.0,3036.0,5207813.0,,,117.0,449658.0,175.0,483539.0,,,,,,
2022-03-16,US_WA,2044.0,6097229.0,2171.0,5468432.0,9501.0,13963937.0,,,1654.0,3128160.0,6622.0,8258402.0,,,371.0,1886513.0,2637.0,5210450.0,,,127.0,449785.0,-472190.0,11349.0,,,,,,
2022-03-17,US_WA,1264.0,6098493.0,1551.0,5469983.0,6852.0,13970789.0,,,1148.0,3129308.0,4622.0,8263024.0,,,301.0,1886814.0,2048.0,5212498.0,,,87.0,449872.0,472540.0,483889.0,,,,,,
2022-03-18,US_WA,1270.0,6099763.0,1463.0,5471446.0,6387.0,13977176.0,,,1097.0,3130405.0,4393.0,8267417.0,,,273.0,1887087.0,1838.0,5214336.0,,,83.0,449955.0,127.0,484016.0,,,,,,
2022-03-19,US_WA,1290.0,6101053.0,1433.0,5472879.0,5680.0,13982856.0,,,1037.0,3131442.0,3811.0,8271228.0,,,285.0,1887372.0,1698.0,5216034.0,,,102.0,450057.0,147.0,484163.0,,,,,,
2022-03-20,US_WA,119.0,6101172.0,59.0,5472938.0,56.0,13982912.0,,,32.0,3131474.0,42.0,8271270.0,,,19.0,1887391.0,13.0,5216047.0,,,7.0,450064.0,1.0,484164.0,,,,,,
2022-03-21,US_WA,70.0,6101242.0,26.0,5472964.0,0.0,13982912.0,,,16.0,3131490.0,0.0,8271270.0,,,9.0,1887400.0,0.0,5216047.0,,,1.0,450065.0,0.0,484164.0,,,,,,
2022-03-22,US_WA,2339.0,6103581.0,2579.0,5475543.0,12020.0,13994932.0,,,2032.0,3133522.0,8524.0,8279794.0,,,421.0,1887821.0,3265.0,5219312.0,,,120.0,450185.0,200.0,484364.0,,,,,,
2022-03-23,US_WA,1570.0,6105151.0,1915.0,5477458.0,7794.0,14002726.0,,,1471.0,3134993.0,5407.0,8285201.0,,,310.0,1888131.0,2157.0,5221469.0,,,118.0,450303.0,191.0,484555.0,,,,,,
2022-03-24,US_WA,0.0,6105151.0,0.0,5477458.0,0.0,14002726.0,,,0.0,3134993.0,0.0,8285201.0,,,0.0,1888131.0,0.0,5221469.0,,,0.0,450303.0,0.0,484555.0,,,,,,
2022-03-25,US_WA,3051.0,6108202.0,3404.0,5480862.0,16780.0,14019506.0,,,2421.0,3137414.0,10283.0,8295484.0,,,773.0,1888904.0,6163.0,5227632.0,,,187.0,450490.0,283.0,484838.0,,,,,,
2022-03-26,US_WA,1236.0,6109438.0,1305.0,5482167.0,5677.0,14025183.0,,,924.0,3138338.0,3760.0,8299244.0,,,263.0,1889167.0,1737.0,5229369.0,,,110.0,450600.0,161.0,484999.0,,,,,,
2022-03-27,US_WA,110.0,6109548.0,62.0,5482229.0,42.0,14025225.0,,,41.0,3138379.0,38.0,8299282.0,,,15.0,1889182.0,4.0,5229373.0,,,6.0,450606.0,0.0,484999.0,,,,,,
2022-03-28,US_WA,98.0,6109646.0,38.0,5482267.0,0.0,14025225.0,,,25.0,3138404.0,0.0,8299282.0,,,8.0,1889190.0,0.0,5229373.0,,,5.0,450611.0,0.0,484999.0,,,,,,
2022-03-29,US_WA,2091.0,6111737.0,2333.0,5484600.0,9996.0,14035221.0,,,1867.0,3140271.0,7290.0,8306572.0,,,352.0,1889542.0,2517.0,5231890.0,,,106.0,450717.0,168.0,485167.0,,,,,,
2022-03-30,US_WA,1331.0,6113068.0,1467.0,5486067.0,5984.0,14041205.0,,,1106.0,3141377.0,4104.0,8310676.0,,,248.0,1889790.0,1707.0,5233597.0,,,105.0,450822.0,142.0,485309.0,,,,,,
2022-03-31,US_WA,1264.0,6114332.0,1201.0,5487268.0,5619.0,14046824.0,,,860.0,3142237.0,3658.0,8314334.0,,,249.0,1890039.0,1806.0,5235403.0,,,80.0,450902.0,127.0,485436.0,,,,,,
2022-04-01,US_WA,1272.0,6115604.0,1340.0,5488608.0,9176.0,14056000.0,,,939.0,3143176.0,5684.0,8320018.0,,,298.0,1890337.0,3340.0,5238743.0,,,95.0,450997.0,133.0,485569.0,,,,,,
2022-04-02,US_WA,1331.0,6116935.0,1526.0,5490134.0,14636.0,14070636.0,,,1064.0,3144240.0,8133.0,8328151.0,,,385.0,1890722.0,6381.0,5245124.0,,,66.0,451063.0,91.0,485660.0,,,,,,
2022-04-03,US_WA,244.0,6117179.0,99.0,5490233.0,45.0,14070681.0,,,63.0,3144303.0,40.0,8328191.0,,,29.0,1890751.0,5.0,5245129.0,,,5.0,451068.0,0.0,485660.0,,,,,,
2022-04-04,US_WA,173.0,6117352.0,74.0,5490307.0,0.0,14070681.0,,,39.0,3144342.0,0.0,8328191.0,,,32.0,1890783.0,0.0,5245129.0,,,3.0,451071.0,0.0,485660.0,,,,,,
2022-04-05,US_WA,3034.0,6120386.0,4663.0,5494970.0,38755.0,14109436.0,,,3562.0,3147904.0,21780.0,8349971.0,,,980.0,1891763.0,16767.0,5261896.0,,,115.0,451186.0,181.0,485841.0,,,,,,
2022-04-06,US_WA,1560.0,6121946.0,1691.0,5496661.0,17298.0,14126734.0,,,1183.0,3149087.0,10087.0,8360058.0,,,411.0,1892174.0,7075.0,5268971.0,,,90.0,451276.0,115.0,485956.0,,,,,,
2022-04-07,US_WA,1378.0,6123324.0,1474.0,5498135.0,15678.0,14142412.0,,,974.0,3150061.0,8896.0,8368954.0,,,416.0,1892590.0,6667.0,5275638.0,,,70.0,451346.0,87.0,486043.0,,,,,,
2022-04-08,US_WA,1333.0,6124657.0,1449.0,5499584.0,16961.0,14159373.0,,,982.0,3151043.0,9393.0,8378347.0,,,399.0,1892989.0,7452.0,5283090.0,,,58.0,451404.0,86.0,486129.0,,,,,,
2022-04-09,US_WA,1399.0,6126056.0,1516.0,5501100.0,17050.0,14176423.0,,,1060.0,3152103.0,9807.0,8388154.0,,,371.0,1893360.0,7102.0,5290192.0,,,77.0,451481.0,116.0,486245.0,,,,,,
2022-04-10,US_WA,347.0,6126403.0,161.0,5501261.0,60.0,14176483.0,,,83.0,3152186.0,48.0,8388202.0,,,76.0,1893436.0,12.0,5290204.0,,,1.0,451482.0,0.0,486245.0,,,,,,
2022-04-11,US_WA,255.0,6126658.0,89.0,5501350.0,0.0,14176483.0,,,37.0,3152223.0,0.0,8388202.0,,,44.0,1893480.0,0.0,5290204.0,,,7.0,451489.0,0.0,486245.0,,,,,,
2022-04-12,US_WA,2179.0,6128837.0,2559.0,5503909.0,32831.0,14209314.0,,,1794.0,3154017.0,18507.0,8406709.0,,,644.0,1894124.0,14107.0,5304311.0,,,111.0,451600.0,179.0,486424.0,,,,,,
2022-04-13,US_WA,1494.0,6130331.0,1452.0,5505361.0,16905.0,14226219.0,,,998.0,3155015.0,9319.0,8416028.0,,,360.0,1894484.0,7431.0,5311742.0,,,85.0,451685.0,131.0,486555.0,,,,,,
2022-04-14,US_WA,1454.0,6131785.0,1490.0,5506851.0,22274.0,14248493.0,,,883.0,3155898.0,9506.0,8425534.0,,,529.0,1895013.0,12641.0,5324383.0,,,66.0,451751.0,101.0,486656.0,,,,,,
2022-04-15,US_WA,1516.0,6133301.0,1480.0,5508331.0,17507.0,14266000.0,,,966.0,3156864.0,10037.0,8435571.0,,,431.0,1895444.0,7334.0,5331717.0,,,69.0,451820.0,105.0,486761.0,,,,,,
2022-04-16,US_WA,1462.0,6134763.0,1413.0,5509744.0,17460.0,14283460.0,,,958.0,3157822.0,10005.0,8445576.0,,,387.0,1895831.0,7345.0,5339062.0,,,60.0,451880.0,86.0,486847.0,,,,,,
2022-04-17,US_WA,205.0,6134968.0,85.0,5509829.0,73.0,14283533.0,,,31.0,3157853.0,62.0,8445638.0,,,47.0,1895878.0,11.0,5339073.0,,,7.0,451887.0,0.0,486847.0,,,,,,
2022-04-18,US_WA,253.0,6135221.0,94.0,5509923.0,1.0,14283534.0,,,40.0,3157893.0,1.0,8445639.0,,,49.0,1895927.0,0.0,5339073.0,,,4.0,451891.0,0.0,486847.0,,,,,,
2022-04-19,US_WA,2190.0,6137411.0,2198.0,5512121.0,29154.0,14312688.0,,,1491.0,3159384.0,16197.0,8461836.0,,,584.0,1896511.0,12758.0,5351831.0,,,110.0,452001.0,167.0,487014.0,,,,,,
2022-04-20,US_WA,1471.0,6138882.0,1417.0,5513538.0,15371.0,14328059.0,,,926.0,3160310.0,8543.0,8470379.0,,,406.0,1896917.0,6686.0,5358517.0,,,70.0,452071.0,108.0,487122.0,,,,,,
2022-04-21,US_WA,1493.0,6140375.0,2259.0,5515797.0,16082.0,14344141.0,,,1748.0,3162058.0,9012.0,8479391.0,,,409.0,1897326.0,6919.0,5365436.0,,,89.0,452160.0,118.0,487240.0,,,,,,
2022-04-22,US_WA,1095.0,6141470.0,1147.0,5516944.0,13060.0,14357201.0,,,751.0,3162809.0,6962.0,8486353.0,,,320.0,1897646.0,5966.0,5371402.0,,,66.0,452226.0,99.0,487339.0,,,,,,
2022-04-23,US_WA,1617.0,6143087.0,1453.0,5518397.0,16531.0,14373732.0,,,989.0,3163798.0,9271.0,8495624.0,,,385.0,1898031.0,7126.0,5378528.0,,,67.0,452293.0,108.0,487447.0,,,,,,
2022-04-24,US_WA,210.0,6143297.0,87.0,5518484.0,141.0,14373873.0,,,48.0,3163846.0,125.0,8495749.0,,,36.0,1898067.0,16.0,5378544.0,,,2.0,452295.0,0.0,487447.0,,,,,,
2022-04-25,US_WA,216.0,6143513.0,64.0,5518548.0,1.0,14373874.0,,,31.0,3163877.0,1.0,8495750.0,,,30.0,1898097.0,0.0,5378544.0,,,3.0,452298.0,0.0,487447.0,,,,,,
2022-04-26,US_WA,2008.0,6145521.0,2117.0,5520665.0,25271.0,14399145.0,,,1434.0,3165311.0,14299.0,8510049.0,,,549.0,1898646.0,10764.0,5389308.0,,,128.0,452426.0,180.0,487627.0,,,,,,
2022-04-27,US_WA,1224.0,6146745.0,1084.0,5521749.0,11022.0,14410167.0,,,658.0,3165969.0,6079.0,8516128.0,,,341.0,1898987.0,4810.0,5394118.0,,,77.0,452503.0,113.0,487740.0,,,,,,
2022-04-28,US_WA,1287.0,6148032.0,1332.0,5523081.0,15402.0,14425569.0,,,844.0,3166813.0,9133.0,8525261.0,,,411.0,1899398.0,6153.0,5400271.0,,,65.0,452568.0,82.0,487822.0,,,,,,
2022-04-29,US_WA,1295.0,6149327.0,1188.0,5524269.0,12976.0,14438545.0,,,777.0,3167590.0,7084.0,8532345.0,,,340.0,1899738.0,5784.0,5406055.0,,,60.0,452628.0,81.0,487903.0,,,,,,
2022-04-30,US_WA,1246.0,6150573.0,1191.0,5525460.0,13647.0,14452192.0,,,812.0,3168402.0,7886.0,8540231.0,,,301.0,1900039.0,5643.0,5411698.0,,,61.0,452689.0,76.0,487979.0,,,,,,
2022-05-01,US_WA,237.0,6150810.0,140.0,5525600.0,170.0,14452362.0,,,80.0,3168482.0,158.0,8540389.0,,,48.0,1900087.0,12.0,5411710.0,,,12.0,452701.0,0.0,487979.0,,,,,,
2022-05-02,US_WA,117.0,6150927.0,55.0,5525655.0,3.0,14452365.0,,,18.0,3168500.0,0.0,8540389.0,,,34.0,1900121.0,2.0,5411712.0,,,3.0,452704.0,1.0,487980.0,,,,,,
2022-05-03,US_WA,2221.0,6153148.0,2195.0,5527850.0,27636.0,14480001.0,,,1572.0,3170072.0,15849.0,8556238.0,,,507.0,1900628.0,11601.0,5423313.0,,,110.0,452814.0,155.0,488135.0,,,,,,
2022-05-04,US_WA,988.0,6154136.0,910.0,5528760.0,9515.0,14489516.0,,,575.0,3170647.0,5379.0,8561617.0,,,246.0,1900874.0,3997.0,5427310.0,,,76.0,452890.0,107.0,488242.0,,,,,,
2022-05-05,US_WA,0.0,6154136.0,0.0,5528760.0,0.0,14489516.0,,,0.0,3170647.0,0.0,8561617.0,,,0.0,1900874.0,0.0,5427310.0,,,0.0,452890.0,0.0,488242.0,,,,,,
2022-05-06,US_WA,2556.0,6156692.0,2396.0,5531156.0,30528.0,14520044.0,,,1621.0,3172268.0,18121.0,8579738.0,,,616.0,1901490.0,12178.0,5439488.0,,,135.0,453025.0,182.0,488424.0,,,,,,
2022-05-07,US_WA,1101.0,6157793.0,1046.0,5532202.0,12937.0,14532981.0,,,672.0,3172940.0,7216.0,8586954.0,,,297.0,1901787.0,5577.0,5445065.0,,,67.0,453092.0,117.0,488541.0,,,,,,
2022-05-08,US_WA,134.0,6157927.0,70.0,5532272.0,149.0,14533130.0,,,39.0,3172979.0,143.0,8587097.0,,,29.0,1901816.0,6.0,5445071.0,,,2.0,453094.0,0.0,488541.0,,,,,,
2022-05-09,US_WA,174.0,6158101.0,87.0,5532359.0,0.0,14533130.0,,,41.0,3173020.0,0.0,8587097.0,,,40.0,1901856.0,0.0,5445071.0,,,6.0,453100.0,0.0,488541.0,,,,,,
2022-05-10,US_WA,2094.0,6160195.0,1951.0,5534310.0,29262.0,14562392.0,,,1341.0,3174361.0,16822.0,8603919.0,,,503.0,1902359.0,12236.0,5457307.0,,,101.0,453201.0,183.0,488724.0,,,,,,
2022-05-11,US_WA,1010.0,6161205.0,964.0,5535274.0,10258.0,14572650.0,,,579.0,3174940.0,5669.0,8609588.0,,,294.0,1902653.0,4505.0,5461812.0,,,84.0,453285.0,54.0,488778.0,,,,,,
2022-05-12,US_WA,1132.0,6162337.0,1372.0,5536646.0,13280.0,14585930.0,,,841.0,3175781.0,7653.0,8617241.0,,,440.0,1903093.0,5543.0,5467355.0,,,87.0,453372.0,74.0,488852.0,,,,,,
2022-05-13,US_WA,1117.0,6163454.0,1173.0,5537819.0,12817.0,14598747.0,,,805.0,3176586.0,7400.0,8624641.0,,,305.0,1903398.0,5316.0,5472671.0,,,53.0,453425.0,73.0,488925.0,,,,,,
2022-05-14,US_WA,1117.0,6164571.0,1060.0,5538879.0,12522.0,14611269.0,,,712.0,3177298.0,7246.0,8631887.0,,,291.0,1903689.0,5187.0,5477858.0,,,52.0,453477.0,73.0,488998.0,,,,,,
2022-05-15,US_WA,185.0,6164756.0,91.0,5538970.0,143.0,14611412.0,,,56.0,3177354.0,131.0,8632018.0,,,34.0,1903723.0,12.0,5477870.0,,,1.0,453478.0,0.0,488998.0,,,,,,
2022-05-16,US_WA,142.0,6164898.0,43.0,5539013.0,1.0,14611413.0,,,22.0,3177376.0,1.0,8632019.0,,,19.0,1903742.0,0.0,5477870.0,,,2.0,453480.0,0.0,488998.0,,,,,,
2022-05-17,US_WA,2417.0,6167315.0,2019.0,5541032.0,28616.0,14640029.0,,,1388.0,3178764.0,16351.0,8648370.0,,,525.0,1904267.0,12096.0,5489966.0,,,97.0,453577.0,142.0,489140.0,,,,,,
2022-05-18,US_WA,1113.0,6168428.0,931.0,5541963.0,10389.0,14650418.0,,,642.0,3179406.0,6299.0,8654669.0,,,234.0,1904501.0,4008.0,5493974.0,,,48.0,453625.0,58.0,489198.0,,,,,,
2022-05-19,US_WA,1079.0,6169507.0,1003.0,5542966.0,12430.0,14662848.0,,,645.0,3180051.0,7030.0,8661699.0,,,300.0,1904801.0,5315.0,5499289.0,,,48.0,453673.0,64.0,489262.0,,,,,,
2022-05-20,US_WA,1333.0,6170840.0,1037.0,5544003.0,12282.0,14675130.0,,,689.0,3180740.0,6882.0,8668581.0,,,272.0,1905073.0,5292.0,5504581.0,,,69.0,453742.0,87.0,489349.0,,,,,,
2022-05-21,US_WA,1181.0,6172021.0,1086.0,5545089.0,12976.0,14688106.0,,,708.0,3181448.0,7469.0,8676050.0,,,334.0,1905407.0,5416.0,5509997.0,,,38.0,453780.0,67.0,489416.0,,,,,,
2022-05-22,US_WA,209.0,6172230.0,85.0,5545174.0,130.0,14688236.0,,,29.0,3181477.0,116.0,8676166.0,,,48.0,1905455.0,14.0,5510011.0,,,6.0,453786.0,0.0,489416.0,,,,,,
2022-05-23,US_WA,89.0,6172319.0,47.0,5545221.0,0.0,14688236.0,,,19.0,3181496.0,0.0,8676166.0,,,28.0,1905483.0,0.0,5510011.0,,,0.0,453786.0,0.0,489416.0,,,,,,
2022-05-24,US_WA,2433.0,6174752.0,1977.0,5547198.0,27022.0,14715258.0,,,1361.0,3182857.0,16197.0,8692363.0,,,517.0,1906000.0,10637.0,5520648.0,,,88.0,453874.0,129.0,489545.0,,,,,,
2022-05-25,US_WA,0.0,6174752.0,0.0,5547198.0,0.0,14715258.0,,,0.0,3182857.0,0.0,8692363.0,,,0.0,1906000.0,0.0,5520648.0,,,0.0,453874.0,0.0,489545.0,,,,,,
2022-05-26,US_WA,2227.0,6176979.0,1970.0,5549168.0,22877.0,14738135.0,,,1305.0,3184162.0,13992.0,8706355.0,,,544.0,1906544.0,8689.0,5529337.0,,,103.0,453977.0,144.0,489689.0,,,,,,
2022-05-27,US_WA,1632.0,6178611.0,1322.0,5550490.0,14823.0,14752958.0,,,932.0,3185094.0,9301.0,8715656.0,,,329.0,1906873.0,5419.0,5534756.0,,,54.0,454031.0,75.0,489764.0,,,,,,
2022-05-28,US_WA,0.0,6178611.0,0.0,5550490.0,0.0,14752958.0,,,0.0,3185094.0,0.0,8715656.0,,,0.0,1906873.0,0.0,5534756.0,,,0.0,454031.0,0.0,489764.0,,,,,,
2022-05-29,US_WA,0.0,6178611.0,0.0,5550490.0,0.0,14752958.0,,,0.0,3185094.0,0.0,8715656.0,,,0.0,1906873.0,0.0,5534756.0,,,0.0,454031.0,0.0,489764.0,,,,,,
2022-05-30,US_WA,0.0,6178611.0,0.0,5550490.0,0.0,14752958.0,,,0.0,3185094.0,0.0,8715656.0,,,0.0,1906873.0,0.0,5534756.0,,,0.0,454031.0,0.0,489764.0,,,,,,
2022-05-31,US_WA,1350.0,6179961.0,1133.0,5551623.0,12602.0,14765560.0,,,758.0,3185852.0,7964.0,8723620.0,,,326.0,1907199.0,4565.0,5539321.0,,,43.0,454074.0,57.0,489821.0,,,,,,
2022-06-01,US_WA,2691.0,6182652.0,2413.0,5554036.0,31071.0,14796631.0,,,1683.0,3187535.0,20137.0,8743757.0,,,630.0,1907829.0,10780.0,5550101.0,,,96.0,454170.0,143.0,489964.0,,,,,,
2022-06-02,US_WA,794.0,6183446.0,789.0,5554825.0,7701.0,14804332.0,,,510.0,3188045.0,5119.0,8748876.0,,,226.0,1908055.0,2496.0,5552597.0,,,38.0,454208.0,47.0,490011.0,,,,,,
2022-06-03,US_WA,971.0,6184417.0,949.0,5555774.0,10100.0,14814432.0,,,680.0,3188725.0,6522.0,8755398.0,,,224.0,1908279.0,3499.0,5556096.0,,,30.0,454238.0,42.0,490053.0,,,,,,
2022-06-04,US_WA,1009.0,6185426.0,860.0,5556634.0,9786.0,14824218.0,,,579.0,3189304.0,6325.0,8761723.0,,,235.0,1908514.0,3381.0,5559477.0,,,30.0,454268.0,38.0,490091.0,,,,,,
2022-06-05,US_WA,92.0,6185518.0,41.0,5556675.0,113.0,14824331.0,,,23.0,3189327.0,107.0,8761830.0,,,18.0,1908532.0,6.0,5559483.0,,,0.0,454268.0,0.0,490091.0,,,,,,
2022-06-06,US_WA,196.0,6185714.0,62.0,5556737.0,4.0,14824335.0,,,34.0,3189361.0,2.0,8761832.0,,,27.0,1908559.0,2.0,5559485.0,,,1.0,454269.0,0.0,490091.0,,,,,,
2022-06-07,US_WA,1771.0,6187485.0,1504.0,5558241.0,24199.0,14848534.0,,,1104.0,3190465.0,16546.0,8778378.0,,,360.0,1908919.0,7576.0,5567061.0,,,34.0,454303.0,54.0,490145.0,,,,,,
2022-06-08,US_WA,1009.0,6188494.0,878.0,5559119.0,8639.0,14857173.0,,,621.0,3191086.0,5467.0,8783845.0,,,200.0,1909119.0,3102.0,5570163.0,,,49.0,454352.0,43.0,490188.0,,,,,,
2022-06-09,US_WA,2039.0,6190533.0,1597.0,5560716.0,19869.0,14877042.0,,,1021.0,3192107.0,11985.0,8795830.0,,,436.0,1909555.0,7701.0,5577864.0,,,129.0,454481.0,151.0,490339.0,,,,,,
2022-06-10,US_WA,910.0,6191443.0,920.0,5561636.0,12289.0,14889331.0,,,573.0,3192680.0,5663.0,8801493.0,,,306.0,1909861.0,6555.0,5584419.0,,,30.0,454511.0,45.0,490384.0,,,,,,
2022-06-11,US_WA,1020.0,6192463.0,938.0,5562574.0,10053.0,14899384.0,,,662.0,3193342.0,6368.0,8807861.0,,,225.0,1910086.0,3616.0,5588035.0,,,46.0,454557.0,56.0,490440.0,,,,,,
2022-06-12,US_WA,93.0,6192556.0,47.0,5562621.0,127.0,14899511.0,,,25.0,3193367.0,118.0,8807979.0,,,17.0,1910103.0,8.0,5588043.0,,,4.0,454561.0,1.0,490441.0,,,,,,
2022-06-13,US_WA,23.0,6192579.0,17.0,5562638.0,2.0,14899513.0,,,12.0,3193379.0,0.0,8807979.0,,,4.0,1910107.0,2.0,5588045.0,,,1.0,454562.0,0.0,490441.0,,,,,,
2022-06-14,US_WA,2088.0,6194667.0,1690.0,5564328.0,21838.0,14921351.0,,,1171.0,3194550.0,13715.0,8821694.0,,,417.0,1910524.0,7956.0,5596001.0,,,91.0,454653.0,133.0,490574.0,,,,,,
2022-06-15,US_WA,919.0,6195586.0,775.0,5565103.0,8097.0,14929448.0,,,529.0,3195079.0,5013.0,8826707.0,,,200.0,1910724.0,3009.0,5599010.0,,,35.0,454688.0,52.0,490626.0,,,,,,
2022-06-16,US_WA,1080.0,6196666.0,919.0,5566022.0,9202.0,14938650.0,,,628.0,3195707.0,5627.0,8832334.0,,,235.0,1910959.0,3488.0,5602498.0,,,49.0,454737.0,67.0,490693.0,,,,,,
2022-06-17,US_WA,0.0,6196666.0,0.0,5566022.0,0.0,14938650.0,,,0.0,3195707.0,0.0,8832334.0,,,0.0,1910959.0,0.0,5602498.0,,,0.0,454737.0,0.0,490693.0,,,,,,
2022-06-18,US_WA,0.0,6196666.0,0.0,5566022.0,0.0,14938650.0,,,0.0,3195707.0,0.0,8832334.0,,,0.0,1910959.0,0.0,5602498.0,,,0.0,454737.0,0.0,490693.0,,,,,,
2022-06-19,US_WA,0.0,6196666.0,0.0,5566022.0,0.0,14938650.0,,,0.0,3195707.0,0.0,8832334.0,,,0.0,1910959.0,0.0,5602498.0,,,0.0,454737.0,0.0,490693.0,,,,,,
2022-06-20,US_WA,0.0,6196666.0,0.0,5566022.0,0.0,14938650.0,,,0.0,3195707.0,0.0,8832334.0,,,0.0,1910959.0,0.0,5602498.0,,,0.0,454737.0,0.0,490693.0,,,,,,
2022-06-21,US_WA,0.0,6196666.0,0.0,5566022.0,0.0,14938650.0,,,0.0,3195707.0,0.0,8832334.0,,,0.0,1910959.0,0.0,5602498.0,,,0.0,454737.0,0.0,490693.0,,,,,,
2022-06-22,US_WA,0.0,6196666.0,0.0,5566022.0,0.0,14938650.0,,,0.0,3195707.0,0.0,8832334.0,,,0.0,1910959.0,0.0,5602498.0,,,0.0,454737.0,0.0,490693.0,,,,,,
2022-06-23,US_WA,4669.0,6201335.0,3918.0,5569940.0,42226.0,14980876.0,,,2761.0,3198468.0,27295.0,8859629.0,,,901.0,1911860.0,14532.0,5617030.0,,,209.0,454946.0,288.0,490981.0,,,,,,
2022-06-24,US_WA,0.0,6201335.0,0.0,5569940.0,0.0,14980876.0,,,0.0,3198468.0,0.0,8859629.0,,,0.0,1911860.0,0.0,5617030.0,,,0.0,454946.0,0.0,490981.0,,,,,,
2022-06-25,US_WA,0.0,6201335.0,0.0,5569940.0,0.0,14980876.0,,,0.0,3198468.0,0.0,8859629.0,,,0.0,1911860.0,0.0,5617030.0,,,0.0,454946.0,0.0,490981.0,,,,,,
2022-06-26,US_WA,0.0,6201335.0,0.0,5569940.0,0.0,14980876.0,,,0.0,3198468.0,0.0,8859629.0,,,0.0,1911860.0,0.0,5617030.0,,,0.0,454946.0,0.0,490981.0,,,,,,
2022-06-27,US_WA,0.0,6201335.0,0.0,5569940.0,0.0,14980876.0,,,0.0,3198468.0,0.0,8859629.0,,,0.0,1911860.0,0.0,5617030.0,,,0.0,454946.0,0.0,490981.0,,,,,,
2022-06-28,US_WA,0.0,6201335.0,0.0,5569940.0,0.0,14980876.0,,,0.0,3198468.0,0.0,8859629.0,,,0.0,1911860.0,0.0,5617030.0,,,0.0,454946.0,0.0,490981.0,,,,,,
2022-06-29,US_WA,0.0,6201335.0,0.0,5569940.0,0.0,14980876.0,,,0.0,3198468.0,0.0,8859629.0,,,0.0,1911860.0,0.0,5617030.0,,,0.0,454946.0,0.0,490981.0,,,,,,
2022-06-30,US_WA,19183.0,6220518.0,-12000.0,5557940.0,25420.0,15006296.0,,,-3965.0,3194503.0,24711.0,8884340.0,,,-8556.0,1903304.0,2426.0,5619456.0,,,370.0,455316.0,-1965.0,489016.0,,,,,,
2022-07-01,US_WA,0.0,6220518.0,0.0,5557940.0,0.0,15006296.0,,,0.0,3194503.0,0.0,8884340.0,,,0.0,1903304.0,0.0,5619456.0,,,0.0,455316.0,0.0,489016.0,,,,,,
2022-07-02,US_WA,0.0,6220518.0,0.0,5557940.0,0.0,15006296.0,,,0.0,3194503.0,0.0,8884340.0,,,0.0,1903304.0,0.0,5619456.0,,,0.0,455316.0,0.0,489016.0,,,,,,
2022-07-03,US_WA,0.0,6220518.0,0.0,5557940.0,0.0,15006296.0,,,0.0,3194503.0,0.0,8884340.0,,,0.0,1903304.0,0.0,5619456.0,,,0.0,455316.0,0.0,489016.0,,,,,,
2022-07-04,US_WA,0.0,6220518.0,0.0,5557940.0,0.0,15006296.0,,,0.0,3194503.0,0.0,8884340.0,,,0.0,1903304.0,0.0,5619456.0,,,0.0,455316.0,0.0,489016.0,,,,,,
2022-07-05,US_WA,0.0,6220518.0,0.0,5557940.0,0.0,15006296.0,,,0.0,3194503.0,0.0,8884340.0,,,0.0,1903304.0,0.0,5619456.0,,,0.0,455316.0,0.0,489016.0,,,,,,
2022-07-06,US_WA,0.0,6220518.0,0.0,5557940.0,0.0,15006296.0,,,0.0,3194503.0,0.0,8884340.0,,,0.0,1903304.0,0.0,5619456.0,,,0.0,455316.0,0.0,489016.0,,,,,,
2022-07-07,US_WA,10914.0,6231432.0,3998.0,5561938.0,41816.0,15048112.0,,,2789.0,3197292.0,25957.0,8910297.0,,,943.0,1904247.0,15476.0,5634932.0,,,185.0,455501.0,237.0,489253.0,,,,,,
2022-07-08,US_WA,0.0,6231432.0,0.0,5561938.0,0.0,15048112.0,,,0.0,3197292.0,0.0,8910297.0,,,0.0,1904247.0,0.0,5634932.0,,,0.0,455501.0,0.0,489253.0,,,,,,
2022-07-09,US_WA,0.0,6231432.0,0.0,5561938.0,0.0,15048112.0,,,0.0,3197292.0,0.0,8910297.0,,,0.0,1904247.0,0.0,5634932.0,,,0.0,455501.0,0.0,489253.0,,,,,,
2022-07-10,US_WA,0.0,6231432.0,0.0,5561938.0,0.0,15048112.0,,,0.0,3197292.0,0.0,8910297.0,,,0.0,1904247.0,0.0,5634932.0,,,0.0,455501.0,0.0,489253.0,,,,,,
2022-07-11,US_WA,0.0,6231432.0,0.0,5561938.0,0.0,15048112.0,,,0.0,3197292.0,0.0,8910297.0,,,0.0,1904247.0,0.0,5634932.0,,,0.0,455501.0,0.0,489253.0,,,,,,
2022-07-12,US_WA,0.0,6231432.0,0.0,5561938.0,0.0,15048112.0,,,0.0,3197292.0,0.0,8910297.0,,,0.0,1904247.0,0.0,5634932.0,,,0.0,455501.0,0.0,489253.0,,,,,,
2022-07-13,US_WA,0.0,6231432.0,0.0,5561938.0,0.0,15048112.0,,,0.0,3197292.0,0.0,8910297.0,,,0.0,1904247.0,0.0,5634932.0,,,0.0,455501.0,0.0,489253.0,,,,,,
2022-07-14,US_WA,14421.0,6245853.0,5259.0,5567197.0,52550.0,15100662.0,,,3618.0,3200910.0,31345.0,8941642.0,,,1262.0,1905509.0,20520.0,5655452.0,,,249.0,455750.0,350.0,489603.0,,,,,,
2022-07-15,US_WA,0.0,6245853.0,0.0,5567197.0,0.0,15100662.0,,,0.0,3200910.0,0.0,8941642.0,,,0.0,1905509.0,0.0,5655452.0,,,0.0,455750.0,0.0,489603.0,,,,,,
2022-07-16,US_WA,0.0,6245853.0,0.0,5567197.0,0.0,15100662.0,,,0.0,3200910.0,0.0,8941642.0,,,0.0,1905509.0,0.0,5655452.0,,,0.0,455750.0,0.0,489603.0,,,,,,
2022-07-17,US_WA,0.0,6245853.0,0.0,5567197.0,0.0,15100662.0,,,0.0,3200910.0,0.0,8941642.0,,,0.0,1905509.0,0.0,5655452.0,,,0.0,455750.0,0.0,489603.0,,,,,,
2022-07-18,US_WA,0.0,6245853.0,0.0,5567197.0,0.0,15100662.0,,,0.0,3200910.0,0.0,8941642.0,,,0.0,1905509.0,0.0,5655452.0,,,0.0,455750.0,0.0,489603.0,,,,,,
2022-07-19,US_WA,0.0,6245853.0,0.0,5567197.0,0.0,15100662.0,,,0.0,3200910.0,0.0,8941642.0,,,0.0,1905509.0,0.0,5655452.0,,,0.0,455750.0,0.0,489603.0,,,,,,
2022-07-20,US_WA,0.0,6245853.0,0.0,5567197.0,0.0,15100662.0,,,0.0,3200910.0,0.0,8941642.0,,,0.0,1905509.0,0.0,5655452.0,,,0.0,455750.0,0.0,489603.0,,,,,,
2022-07-21,US_WA,11101.0,6256954.0,5078.0,5572275.0,56490.0,15157152.0,,,3470.0,3204380.0,34563.0,8976205.0,,,1326.0,1906835.0,21523.0,5676975.0,,,216.0,455966.0,281.0,489884.0,,,,,,
2022-07-22,US_WA,0.0,6256954.0,0.0,5572275.0,0.0,15157152.0,,,0.0,3204380.0,0.0,8976205.0,,,0.0,1906835.0,0.0,5676975.0,,,0.0,455966.0,0.0,489884.0,,,,,,
2022-07-23,US_WA,0.0,6256954.0,0.0,5572275.0,0.0,15157152.0,,,0.0,3204380.0,0.0,8976205.0,,,0.0,1906835.0,0.0,5676975.0,,,0.0,455966.0,0.0,489884.0,,,,,,
2022-07-24,US_WA,0.0,6256954.0,0.0,5572275.0,0.0,15157152.0,,,0.0,3204380.0,0.0,8976205.0,,,0.0,1906835.0,0.0,5676975.0,,,0.0,455966.0,0.0,489884.0,,,,,,
2022-07-25,US_WA,0.0,6256954.0,0.0,5572275.0,0.0,15157152.0,,,0.0,3204380.0,0.0,8976205.0,,,0.0,1906835.0,0.0,5676975.0,,,0.0,455966.0,0.0,489884.0,,,,,,
2022-07-26,US_WA,0.0,6256954.0,0.0,5572275.0,0.0,15157152.0,,,0.0,3204380.0,0.0,8976205.0,,,0.0,1906835.0,0.0,5676975.0,,,0.0,455966.0,0.0,489884.0,,,,,,
2022-07-27,US_WA,0.0,6256954.0,0.0,5572275.0,0.0,15157152.0,,,0.0,3204380.0,0.0,8976205.0,,,0.0,1906835.0,0.0,5676975.0,,,0.0,455966.0,0.0,489884.0,,,,,,
2022-07-28,US_WA,10338.0,6267292.0,7722.0,5579997.0,56126.0,15213278.0,,,3193.0,3207573.0,32993.0,9009198.0,,,4171.0,1911006.0,22715.0,5699690.0,,,218.0,456184.0,275.0,490159.0,,,,,,
2022-07-29,US_WA,0.0,6267292.0,0.0,5579997.0,0.0,15213278.0,,,0.0,3207573.0,0.0,9009198.0,,,0.0,1911006.0,0.0,5699690.0,,,0.0,456184.0,0.0,490159.0,,,,,,
2022-07-30,US_WA,0.0,6267292.0,0.0,5579997.0,0.0,15213278.0,,,0.0,3207573.0,0.0,9009198.0,,,0.0,1911006.0,0.0,5699690.0,,,0.0,456184.0,0.0,490159.0,,,,,,
2022-07-31,US_WA,0.0,6267292.0,0.0,5579997.0,0.0,15213278.0,,,0.0,3207573.0,0.0,9009198.0,,,0.0,1911006.0,0.0,5699690.0,,,0.0,456184.0,0.0,490159.0,,,,,,
2022-08-01,US_WA,0.0,6267292.0,0.0,5579997.0,0.0,15213278.0,,,0.0,3207573.0,0.0,9009198.0,,,0.0,1911006.0,0.0,5699690.0,,,0.0,456184.0,0.0,490159.0,,,,,,
2022-08-02,US_WA,0.0,6267292.0,0.0,5579997.0,0.0,15213278.0,,,0.0,3207573.0,0.0,9009198.0,,,0.0,1911006.0,0.0,5699690.0,,,0.0,456184.0,0.0,490159.0,,,,,,
2022-08-03,US_WA,0.0,6267292.0,0.0,5579997.0,0.0,15213278.0,,,0.0,3207573.0,0.0,9009198.0,,,0.0,1911006.0,0.0,5699690.0,,,0.0,456184.0,0.0,490159.0,,,,,,
2022-08-04,US_WA,8855.0,6276147.0,6791.0,5586788.0,47384.0,15260662.0,,,2643.0,3210216.0,28239.0,9037437.0,,,3870.0,1914876.0,18630.0,5718320.0,,,187.0,456371.0,306.0,490465.0,,,,,,
2022-08-05,US_WA,0.0,6276147.0,0.0,5586788.0,0.0,15260662.0,,,0.0,3210216.0,0.0,9037437.0,,,0.0,1914876.0,0.0,5718320.0,,,0.0,456371.0,0.0,490465.0,,,,,,
2022-08-06,US_WA,0.0,6276147.0,0.0,5586788.0,0.0,15260662.0,,,0.0,3210216.0,0.0,9037437.0,,,0.0,1914876.0,0.0,5718320.0,,,0.0,456371.0,0.0,490465.0,,,,,,
2022-08-07,US_WA,0.0,6276147.0,0.0,5586788.0,0.0,15260662.0,,,0.0,3210216.0,0.0,9037437.0,,,0.0,1914876.0,0.0,5718320.0,,,0.0,456371.0,0.0,490465.0,,,,,,
2022-08-08,US_WA,0.0,6276147.0,0.0,5586788.0,0.0,15260662.0,,,0.0,3210216.0,0.0,9037437.0,,,0.0,1914876.0,0.0,5718320.0,,,0.0,456371.0,0.0,490465.0,,,,,,
2022-08-09,US_WA,0.0,6276147.0,0.0,5586788.0,0.0,15260662.0,,,0.0,3210216.0,0.0,9037437.0,,,0.0,1914876.0,0.0,5718320.0,,,0.0,456371.0,0.0,490465.0,,,,,,
2022-08-10,US_WA,0.0,6276147.0,0.0,5586788.0,0.0,15260662.0,,,0.0,3210216.0,0.0,9037437.0,,,0.0,1914876.0,0.0,5718320.0,,,0.0,456371.0,0.0,490465.0,,,,,,
2022-08-11,US_WA,8726.0,6284873.0,10627.0,5597415.0,43817.0,15304479.0,,,3927.0,3214143.0,26087.0,9063524.0,,,6339.0,1921215.0,17178.0,5735498.0,,,281.0,456652.0,304.0,490769.0,,,,,,
2022-08-12,US_WA,0.0,6284873.0,0.0,5597415.0,0.0,15304479.0,,,0.0,3214143.0,0.0,9063524.0,,,0.0,1921215.0,0.0,5735498.0,,,0.0,456652.0,0.0,490769.0,,,,,,
2022-08-13,US_WA,0.0,6284873.0,0.0,5597415.0,0.0,15304479.0,,,0.0,3214143.0,0.0,9063524.0,,,0.0,1921215.0,0.0,5735498.0,,,0.0,456652.0,0.0,490769.0,,,,,,
2022-08-14,US_WA,0.0,6284873.0,0.0,5597415.0,0.0,15304479.0,,,0.0,3214143.0,0.0,9063524.0,,,0.0,1921215.0,0.0,5735498.0,,,0.0,456652.0,0.0,490769.0,,,,,,
2022-08-15,US_WA,0.0,6284873.0,0.0,5597415.0,0.0,15304479.0,,,0.0,3214143.0,0.0,9063524.0,,,0.0,1921215.0,0.0,5735498.0,,,0.0,456652.0,0.0,490769.0,,,,,,
2022-08-16,US_WA,0.0,6284873.0,0.0,5597415.0,0.0,15304479.0,,,0.0,3214143.0,0.0,9063524.0,,,0.0,1921215.0,0.0,5735498.0,,,0.0,456652.0,0.0,490769.0,,,,,,
2022-08-17,US_WA,0.0,6284873.0,0.0,5597415.0,0.0,15304479.0,,,0.0,3214143.0,0.0,9063524.0,,,0.0,1921215.0,0.0,5735498.0,,,0.0,456652.0,0.0,490769.0,,,,,,
2022-08-18,US_WA,8113.0,6292986.0,6643.0,5604058.0,38565.0,15343044.0,,,2812.0,3216955.0,24144.0,9087668.0,,,3500.0,1924715.0,13856.0,5749354.0,,,230.0,456882.0,310.0,491079.0,,,,,,
2022-08-19,US_WA,0.0,6292986.0,0.0,5604058.0,0.0,15343044.0,,,0.0,3216955.0,0.0,9087668.0,,,0.0,1924715.0,0.0,5749354.0,,,0.0,456882.0,0.0,491079.0,,,,,,
2022-08-20,US_WA,0.0,6292986.0,0.0,5604058.0,0.0,15343044.0,,,0.0,3216955.0,0.0,9087668.0,,,0.0,1924715.0,0.0,5749354.0,,,0.0,456882.0,0.0,491079.0,,,,,,
2022-08-21,US_WA,0.0,6292986.0,0.0,5604058.0,0.0,15343044.0,,,0.0,3216955.0,0.0,9087668.0,,,0.0,1924715.0,0.0,5749354.0,,,0.0,456882.0,0.0,491079.0,,,,,,
2022-08-22,US_WA,0.0,6292986.0,0.0,5604058.0,0.0,15343044.0,,,0.0,3216955.0,0.0,9087668.0,,,0.0,1924715.0,0.0,5749354.0,,,0.0,456882.0,0.0,491079.0,,,,,,
2022-08-23,US_WA,0.0,6292986.0,0.0,5604058.0,0.0,15343044.0,,,0.0,3216955.0,0.0,9087668.0,,,0.0,1924715.0,0.0,5749354.0,,,0.0,456882.0,0.0,491079.0,,,,,,
2022-08-24,US_WA,8018.0,6301004.0,5847.0,5609905.0,35220.0,15378264.0,,,,,,,,,,,,,,,,,,,,,,,,
2022-08-31,US_WA,8020.0,6309024.0,5720.0,5615625.0,33510.0,15411774.0,,,,,,,,,,,,,,,,,,,,,,,,
2022-09-07,US_WA,4797.0,6313821.0,3887.0,5619512.0,18069.0,15429843.0,,,,,,,,,,,,,,,,,,,,,,,,
2022-09-08,US_WA,20835.0,6313821.0,15454.0,5619512.0,86799.0,15429843.0,,,7516.0,3224471.0,57274.0,9144942.0,,,6947.0,1931662.0,27940.0,5777294.0,,,527.0,457409.0,648.0,491727.0,,,,,,
2022-09-09,US_WA,0.0,6313821.0,0.0,5619512.0,0.0,15429843.0,,,0.0,3224471.0,0.0,9144942.0,,,0.0,1931662.0,0.0,5777294.0,,,0.0,457409.0,0.0,491727.0,,,,,,
2022-09-10,US_WA,0.0,6313821.0,0.0,5619512.0,0.0,15429843.0,,,0.0,3224471.0,0.0,9144942.0,,,0.0,1931662.0,0.0,5777294.0,,,0.0,457409.0,0.0,491727.0,,,,,,
2022-09-11,US_WA,0.0,6313821.0,0.0,5619512.0,0.0,15429843.0,,,0.0,3224471.0,0.0,9144942.0,,,0.0,1931662.0,0.0,5777294.0,,,0.0,457409.0,0.0,491727.0,,,,,,
2022-09-12,US_WA,0.0,6313821.0,0.0,5619512.0,0.0,15429843.0,,,0.0,3224471.0,0.0,9144942.0,,,0.0,1931662.0,0.0,5777294.0,,,0.0,457409.0,0.0,491727.0,,,,,,
2022-09-13,US_WA,0.0,6313821.0,0.0,5619512.0,0.0,15429843.0,,,0.0,3224471.0,0.0,9144942.0,,,0.0,1931662.0,0.0,5777294.0,,,0.0,457409.0,0.0,491727.0,,,,,,
2022-09-14,US_WA,0.0,6313821.0,0.0,5619512.0,0.0,15429843.0,,,0.0,3224471.0,0.0,9144942.0,,,0.0,1931662.0,0.0,5777294.0,,,0.0,457409.0,0.0,491727.0,,,,,,
2022-09-15,US_WA,0.0,6313821.0,0.0,5619512.0,0.0,15429843.0,,,0.0,3224471.0,0.0,9144942.0,,,0.0,1931662.0,0.0,5777294.0,,,0.0,457409.0,0.0,491727.0,,,,,,
2022-09-16,US_WA,8347.0,6322168.0,7375.0,5626887.0,67601.0,15497444.0,,,3430.0,3227901.0,41298.0,9186240.0,,,2845.0,1934507.0,25790.0,5803084.0,,,208.0,457617.0,256.0,491983.0,,,,,,
