date,location_key,new_persons_vaccinated,cumulative_persons_vaccinated,new_persons_fully_vaccinated,cumulative_persons_fully_vaccinated,new_vaccine_doses_administered,cumulative_vaccine_doses_administered,new_persons_vaccinated_pfizer,cumulative_persons_vaccinated_pfizer,new_persons_fully_vaccinated_pfizer,cumulative_persons_fully_vaccinated_pfizer,new_vaccine_doses_administered_pfizer,cumulative_vaccine_doses_administered_pfizer,new_persons_vaccinated_moderna,cumulative_persons_vaccinated_moderna,new_persons_fully_vaccinated_moderna,cumulative_persons_fully_vaccinated_moderna,new_vaccine_doses_administered_moderna,cumulative_vaccine_doses_administered_moderna,new_persons_vaccinated_janssen,cumulative_persons_vaccinated_janssen,new_persons_fully_vaccinated_janssen,cumulative_persons_fully_vaccinated_janssen,new_vaccine_doses_administered_janssen,cumulative_vaccine_doses_administered_janssen,new_persons_vaccinated_sinovac,total_persons_vaccinated_sinovac,new_persons_fully_vaccinated_sinovac,total_persons_fully_vaccinated_sinovac,new_vaccine_doses_administered_sinovac,total_vaccine_doses_administered_sinovac
2021-01-01,PT,,5167.0,,4.0,,5173.0,,,,,,,,,,,,,,,,,,,,,,,,
2021-01-08,PT,80365.0,85532.0,180.0,184.0,80532.0,85705.0,,,,,,,,,,,,,,,,,,,,,,,,
2021-01-15,PT,50584.0,136116.0,1261.0,1445.0,51847.0,137552.0,,,,,,,,,,,,,,,,,,,,,,,,
2021-01-22,PT,123246.0,259362.0,32788.0,34233.0,156135.0,293687.0,,,,,,,,,,,,,,,,,,,,,,,,
2021-01-29,PT,42830.0,302192.0,46032.0,80265.0,88939.0,382626.0,,,,,,,,,,,,,,,,,,,,,,,,
2021-02-05,PT,24955.0,327147.0,37848.0,118113.0,62783.0,445409.0,,,,,,,,,,,,,,,,,,,,,,,,
2021-02-12,PT,41712.0,368859.0,100046.0,218159.0,141786.0,587195.0,,,,,,,,,,,,,,,,,,,,,,,,
2021-02-19,PT,104449.0,473308.0,50845.0,269004.0,155310.0,742505.0,,,,,,,,,,,,,,,,,,,,,,,,
2021-02-26,PT,178203.0,651511.0,21203.0,290207.0,199410.0,941915.0,,,,,,,,,,,,,,,,,,,,,,,,
2021-03-05,PT,140988.0,792499.0,34294.0,324501.0,175232.0,1117147.0,,,,,,,,,,,,,,,,,,,,,,,,
2021-03-12,PT,98951.0,891450.0,52734.0,377235.0,151608.0,1268755.0,,,,,,,,,,,,,,,,,,,,,,,,
2021-03-19,PT,84590.0,976040.0,111129.0,488364.0,195653.0,1464408.0,,,,,,,,,,,,,,,,,,,,,,,,
2021-03-26,PT,260451.0,1236491.0,22901.0,511265.0,283312.0,1747720.0,,,,,,,,,,,,,,,,,,,,,,,,
2021-04-02,PT,140709.0,1377200.0,86234.0,597499.0,226845.0,1974565.0,,,,,,,,,,,,,,,,,,,,,,,,
2021-04-09,PT,259570.0,1636770.0,55268.0,652767.0,314658.0,2289223.0,,,,,,,,,,,,,,,,,,,,,,,,
2021-04-16,PT,428785.0,2065555.0,56243.0,709010.0,484991.0,2774214.0,,,,,,,,,,,,,,,,,,,,,,,,
2021-04-23,PT,214193.0,2279748.0,141307.0,850317.0,355527.0,3129741.0,,,,,,,,,,,,,,,,,,,,,,,,
2021-04-30,PT,350714.0,2630462.0,92241.0,942558.0,441532.0,3571273.0,,,,,,,,,,,,,,,,,,,,,,,,
2021-05-07,PT,387664.0,3018126.0,222937.0,1165495.0,598031.0,4169304.0,,,,,,,,,,,,,,,,,,,,,,,,
2021-05-14,PT,310894.0,3329020.0,309090.0,1474585.0,602021.0,4771325.0,,,,,,,,,,,,,,,,,,,,,,,,
2021-05-21,PT,333548.0,3662568.0,223591.0,1698176.0,532992.0,5304317.0,,,,,,,,,,,,,,,,,,,,,,,,
2021-05-28,PT,285705.0,3948273.0,332938.0,2031114.0,568960.0,5873277.0,,,,,,,,,,,,,,,,,,,,,,,,
2021-06-04,PT,291866.0,4240139.0,343266.0,2374380.0,578121.0,6451398.0,,,,,,,,,,,,,,,,,,,,,,,,
2021-06-11,PT,393701.0,4633840.0,255290.0,2629670.0,620498.0,7071896.0,,,,,,,,,,,,,,,,,,,,,,,,
2021-06-18,PT,384391.0,5018231.0,393198.0,3022868.0,741597.0,7813493.0,,,,,,,,,,,,,,,,,,,,,,,,
2021-06-25,PT,426100.0,5444331.0,350029.0,3372897.0,730979.0,8544472.0,,,,,,,,,,,,,,,,,,,,,,,,
2021-07-02,PT,420073.0,5864404.0,437077.0,3809974.0,830414.0,9374886.0,,,,,,,,,,,,,,,,,,,,,,,,
2021-07-09,PT,476067.0,6340471.0,626910.0,4436884.0,1063587.0,10438473.0,,,,,,,,,,,,,,,,,,,,,,,,
2021-07-16,PT,365042.0,6705513.0,526248.0,4963132.0,775049.0,11213522.0,,,,,,,,,,,,,,,,,,,,,,,,
2021-07-23,PT,280451.0,6985964.0,529525.0,5492657.0,676318.0,11889840.0,,,,,,,,,,,,,,,,,,,,,,,,
2021-07-30,PT,210498.0,7196462.0,504114.0,5996771.0,611963.0,12501803.0,,,,,,,,,,,,,,,,,,,,,,,,
2021-08-06,PT,250251.0,7446713.0,511857.0,6508628.0,644825.0,13146628.0,,,,,,,,,,,,,,,,,,,,,,,,
2021-08-13,PT,461078.0,7907791.0,357042.0,6865670.0,674824.0,13821452.0,,,,,,,,,,,,,,,,,,,,,,,,
2021-08-20,PT,474801.0,8382592.0,242452.0,7108122.0,607833.0,14429285.0,,,,,,,,,,,,,,,,,,,,,,,,
2021-08-27,PT,337792.0,8720384.0,142595.0,7250717.0,438951.0,14868236.0,,,,,,,,,,,,,,,,,,,,,,,,
2021-09-03,PT,148332.0,8868716.0,303607.0,7554324.0,436239.0,15304475.0,,,,,,,,,,,,,,,,,,,,,,,,
2021-09-10,PT,72495.0,8941211.0,313911.0,7868235.0,382906.0,15687381.0,,,,,,,,,,,,,,,,,,,,,,,,
2021-09-17,PT,50881.0,8992092.0,260853.0,8129088.0,309234.0,15996615.0,,,,,,,,,,,,,,,,,,,,,,,,
2021-09-24,PT,37746.0,9029838.0,106110.0,8235198.0,142874.0,16139489.0,,,,,,,,,,,,,,,,,,,,,,,,
2021-10-01,PT,25130.0,9054968.0,60775.0,8295973.0,85615.0,16225104.0,,,,,,,,,,,,,,,,,,,,,,,,
2021-10-08,PT,16188.0,9071156.0,46676.0,8342649.0,62256.0,16287360.0,,,,,,,,,,,,,,,,,,,,,,,,
2021-10-15,PT,18397.0,9089553.0,38351.0,8381000.0,86146.0,16373506.0,,,,,,,,,,,,,,,,,,,,,,,,
2021-10-22,PT,14181.0,9103734.0,29963.0,8410963.0,161263.0,16534769.0,,,,,,,,,,,,,,,,,,,,,,,,
2021-10-29,PT,13894.0,9117628.0,18544.0,8429507.0,149663.0,16684432.0,,,,,,,,,,,,,,,,,,,,,,,,
2021-11-05,PT,10600.0,9128228.0,13814.0,8443321.0,134754.0,16819186.0,,,,,,,,,,,,,,,,,,,,,,,,
2021-11-12,PT,13849.0,9142077.0,15699.0,8459020.0,205353.0,17024539.0,,,,,,,,,,,,,,,,,,,,,,,,
2021-11-19,PT,20359.0,9162436.0,14001.0,8473021.0,286386.0,17310925.0,,,,,,,,,,,,,,,,,,,,,,,,
2021-11-26,PT,21176.0,9183612.0,13230.0,8486251.0,467496.0,17778421.0,,,,,,,,,,,,,,,,,,,,,,,,
2021-12-03,PT,28065.0,9211677.0,14827.0,8501078.0,501068.0,18279489.0,,,,,,,,,,,,,,,,,,,,,,,,
2021-12-10,PT,24273.0,9235950.0,18202.0,8519280.0,513130.0,18792619.0,,,,,,,,,,,,,,,,,,,,,,,,
2021-12-17,PT,110097.0,9346047.0,13831.0,8533111.0,417780.0,19210399.0,,,,,,,,,,,,,,,,,,,,,,,,
2021-12-24,PT,13730.0,9359777.0,14904.0,8548015.0,282643.0,19493042.0,,,,,,,,,,,,,,,,,,,,,,,,
2021-12-31,PT,14189.0,9373966.0,19566.0,8567581.0,427521.0,19920563.0,,,,,,,,,,,,,,,,,,,,,,,,
2022-01-07,PT,218311.0,9592277.0,12595.0,8580176.0,637148.0,20557711.0,,,,,,,,,,,,,,,,,,,,,,,,
2022-01-14,PT,22642.0,9614919.0,17073.0,8597249.0,592572.0,21150283.0,,,,,,,,,,,,,,,,,,,,,,,,
2022-01-21,PT,16076.0,9630995.0,11513.0,8608762.0,606688.0,21756971.0,,,,,,,,,,,,,,,,,,,,,,,,
2022-01-28,PT,10994.0,9641989.0,10141.0,8618903.0,554346.0,22311317.0,,,,,,,,,,,,,,,,,,,,,,,,
2022-02-04,PT,34509.0,9676498.0,62211.0,8681114.0,516977.0,22828294.0,,,,,,,,,,,,,,,,,,,,,,,,
2022-02-11,PT,7730.0,9684228.0,10531.0,8691645.0,380670.0,23208964.0,,,,,,,,,,,,,,,,,,,,,,,,
2022-02-18,PT,6736.0,9690964.0,10321.0,8701966.0,187084.0,23396048.0,,,,,,,,,,,,,,,,,,,,,,,,
2022-02-25,PT,6558.0,9697522.0,99559.0,8801525.0,170555.0,23566603.0,,,,,,,,,,,,,,,,,,,,,,,,
2022-03-04,PT,2221.0,9699743.0,6244.0,8807769.0,45015.0,23611618.0,,,,,,,,,,,,,,,,,,,,,,,,
2022-03-11,PT,3252.0,9702995.0,9728.0,8817497.0,45840.0,23657458.0,,,,,,,,,,,,,,,,,,,,,,,,
2022-03-18,PT,2455.0,9705450.0,4299.0,8821796.0,37630.0,23695088.0,,,,,,,,,,,,,,,,,,,,,,,,
2022-03-25,PT,3263.0,9708713.0,10149.0,8831945.0,38761.0,23733849.0,,,,,,,,,,,,,,,,,,,,,,,,
2022-04-01,PT,2929.0,9711642.0,8850.0,8840795.0,35916.0,23769765.0,,,,,,,,,,,,,,,,,,,,,,,,
2022-04-08,PT,2333.0,9713975.0,3913.0,8844708.0,28412.0,23798177.0,,,,,,,,,,,,,,,,,,,,,,,,
2022-04-15,PT,1227.0,9715202.0,1628.0,8846336.0,16246.0,23814423.0,,,,,,,,,,,,,,,,,,,,,,,,
2022-04-22,PT,2997.0,9718199.0,5924.0,8852260.0,33852.0,23848275.0,,,,,,,,,,,,,,,,,,,,,,,,
2022-04-29,PT,2680.0,9720879.0,6298.0,8858558.0,28852.0,23877127.0,,,,,,,,,,,,,,,,,,,,,,,,
2022-05-06,PT,2495.0,9723374.0,6014.0,8864572.0,30065.0,23907192.0,,,,,,,,,,,,,,,,,,,,,,,,
2022-05-13,PT,2692.0,9726066.0,6110.0,8870682.0,30704.0,23937896.0,,,,,,,,,,,,,,,,,,,,,,,,
2022-05-20,PT,2748.0,9728814.0,5534.0,8876216.0,80757.0,24018653.0,,,,,,,,,,,,,,,,,,,,,,,,
2022-05-27,PT,2776.0,9731590.0,5382.0,8881598.0,127666.0,24146319.0,,,,,,,,,,,,,,,,,,,,,,,,
2022-06-03,PT,2024.0,9733614.0,3558.0,8885156.0,163150.0,24309469.0,,,,,,,,,,,,,,,,,,,,,,,,
2022-06-10,PT,1745.0,9735359.0,2961.0,8888117.0,138598.0,24448067.0,,,,,,,,,,,,,,,,,,,,,,,,
2022-06-17,PT,1803.0,9737162.0,3008.0,8891125.0,110002.0,24558069.0,,,,,,,,,,,,,,,,,,,,,,,,
2022-06-24,PT,2119.0,9739281.0,4117.0,8895242.0,86553.0,24644622.0,,,,,,,,,,,,,,,,,,,,,,,,
2022-07-01,PT,1780.0,9741061.0,2983.0,8898225.0,63103.0,24707725.0,,,,,,,,,,,,,,,,,,,,,,,,
2022-07-08,PT,1781.0,9742842.0,2553.0,8900778.0,41668.0,24749393.0,,,,,,,,,,,,,,,,,,,,,,,,
2022-07-15,PT,1368.0,9744210.0,2216.0,8902994.0,31307.0,24780700.0,,,,,,,,,,,,,,,,,,,,,,,,
2022-07-22,PT,1433.0,9745643.0,1975.0,8904969.0,27787.0,24808487.0,,,,,,,,,,,,,,,,,,,,,,,,
2022-07-29,PT,1282.0,9746925.0,1913.0,8906882.0,25040.0,24833527.0,,,,,,,,,,,,,,,,,,,,,,,,
2022-08-05,PT,1000.0,9747925.0,1530.0,8908412.0,16262.0,24849789.0,,,,,,,,,,,,,,,,,,,,,,,,
2022-08-12,PT,818.0,9748743.0,1431.0,8909843.0,14295.0,24864084.0,,,,,,,,,,,,,,,,,,,,,,,,
2022-08-19,PT,801.0,9749544.0,1259.0,8911102.0,11698.0,24875782.0,,,,,,,,,,,,,,,,,,,,,,,,
2022-08-26,PT,1113.0,9750657.0,1671.0,8912773.0,12802.0,24888584.0,,,,,,,,,,,,,,,,,,,,,,,,
2022-09-02,PT,920.0,9751577.0,1601.0,8914374.0,10711.0,24899295.0,,,,,,,,,,,,,,,,,,,,,,,,
