date,location_key,new_persons_vaccinated,cumulative_persons_vaccinated,new_persons_fully_vaccinated,cumulative_persons_fully_vaccinated,new_vaccine_doses_administered,cumulative_vaccine_doses_administered,new_persons_vaccinated_pfizer,cumulative_persons_vaccinated_pfizer,new_persons_fully_vaccinated_pfizer,cumulative_persons_fully_vaccinated_pfizer,new_vaccine_doses_administered_pfizer,cumulative_vaccine_doses_administered_pfizer,new_persons_vaccinated_moderna,cumulative_persons_vaccinated_moderna,new_persons_fully_vaccinated_moderna,cumulative_persons_fully_vaccinated_moderna,new_vaccine_doses_administered_moderna,cumulative_vaccine_doses_administered_moderna,new_persons_vaccinated_janssen,cumulative_persons_vaccinated_janssen,new_persons_fully_vaccinated_janssen,cumulative_persons_fully_vaccinated_janssen,new_vaccine_doses_administered_janssen,cumulative_vaccine_doses_administered_janssen,new_persons_vaccinated_sinovac,total_persons_vaccinated_sinovac,new_persons_fully_vaccinated_sinovac,total_persons_fully_vaccinated_sinovac,new_vaccine_doses_administered_sinovac,total_vaccine_doses_administered_sinovac
2020-12-30,SE_123,,167.0,,,,,,,,,,,,,,,,,,,,,,,,,,,,
2021-01-06,SE_123,1753.0,1920.0,,,,,,,,,,,,,,,,,,,,,,,,,,,,
2021-01-08,SE_123,1937.0,3857.0,,,,,,,,,,,,,,,,,,,,,,,,,,,,
2021-01-15,SE_123,2139.0,5996.0,,,,,,,,,,,,,,,,,,,,,,,,,,,,
2021-01-22,SE_123,4260.0,10256.0,,,,,,,,,,,,,,,,,,,,,,,,,,,,
2021-01-29,SE_123,2870.0,13126.0,,,,,,,,,,,,,,,,,,,,,,,,,,,,
2021-02-05,SE_123,2299.0,15425.0,,,,,,,,,,,,,,,,,,,,,,,,,,,,
2021-02-12,SE_123,1787.0,17212.0,,,,,,,,,,,,,,,,,,,,,,,,,,,,
2021-02-19,SE_123,4671.0,21883.0,,,,,,,,,,,,,,,,,,,,,,,,,,,,
2021-02-26,SE_123,5543.0,27426.0,,,,,,,,,,,,,,,,,,,,,,,,,,,,
2021-03-05,SE_123,8623.0,36049.0,,,,,,,,,,,,,,,,,,,,,,,,,,,,
2021-03-12,SE_123,7802.0,43851.0,,,,,,,,,,,,,,,,,,,,,,,,,,,,
2021-03-19,SE_123,7084.0,50935.0,,,,,,,,,,,,,,,,,,,,,,,,,,,,
2021-03-26,SE_123,6856.0,57791.0,,,,,,,,,,,,,,,,,,,,,,,,,,,,
2021-04-02,SE_123,8963.0,66754.0,,,,,,,,,,,,,,,,,,,,,,,,,,,,
2021-04-09,SE_123,15394.0,82148.0,,,,,,,,,,,,,,,,,,,,,,,,,,,,
2021-04-16,SE_123,21828.0,103976.0,,,,,,,,,,,,,,,,,,,,,,,,,,,,
2021-04-23,SE_123,18046.0,122022.0,,,,,,,,,,,,,,,,,,,,,,,,,,,,
2021-04-30,SE_123,17812.0,139834.0,,,,,,,,,,,,,,,,,,,,,,,,,,,,
2021-05-07,SE_123,15080.0,154914.0,,,,,,,,,,,,,,,,,,,,,,,,,,,,
2021-05-14,SE_123,9589.0,164503.0,,,,,,,,,,,,,,,,,,,,,,,,,,,,
2021-05-21,SE_123,8267.0,172770.0,,,,,,,,,,,,,,,,,,,,,,,,,,,,
2021-05-28,SE_123,7272.0,180042.0,,,,,,,,,,,,,,,,,,,,,,,,,,,,
2021-06-04,SE_123,9014.0,189056.0,,,,,,,,,,,,,,,,,,,,,,,,,,,,
2021-06-11,SE_123,10832.0,199888.0,,,,,,,,,,,,,,,,,,,,,,,,,,,,
2021-06-18,SE_123,15678.0,215566.0,,,,,,,,,,,,,,,,,,,,,,,,,,,,
2021-06-25,SE_123,11706.0,227272.0,,,,,,,,,,,,,,,,,,,,,,,,,,,,
2021-07-02,SE_123,24603.0,251875.0,,,,,,,,,,,,,,,,,,,,,,,,,,,,
2021-07-09,SE_123,21101.0,272976.0,,,,,,,,,,,,,,,,,,,,,,,,,,,,
2021-07-16,SE_123,15139.0,288115.0,,,,,,,,,,,,,,,,,,,,,,,,,,,,
2021-07-23,SE_123,10133.0,298248.0,,,,,,,,,,,,,,,,,,,,,,,,,,,,
2021-07-30,SE_123,4681.0,302929.0,,,,,,,,,,,,,,,,,,,,,,,,,,,,
2021-08-06,SE_123,3566.0,306495.0,,,,,,,,,,,,,,,,,,,,,,,,,,,,
2021-08-13,SE_123,8226.0,314721.0,,,,,,,,,,,,,,,,,,,,,,,,,,,,
2021-08-20,SE_123,2831.0,317552.0,,,,,,,,,,,,,,,,,,,,,,,,,,,,
2021-08-27,SE_123,3724.0,321276.0,,,,,,,,,,,,,,,,,,,,,,,,,,,,
2021-09-03,SE_123,2154.0,323430.0,,,,,,,,,,,,,,,,,,,,,,,,,,,,
2021-09-10,SE_123,2504.0,325934.0,,,,,,,,,,,,,,,,,,,,,,,,,,,,
2021-09-17,SE_123,2206.0,328140.0,,,,,,,,,,,,,,,,,,,,,,,,,,,,
2021-09-24,SE_123,3241.0,331381.0,,,,,,,,,,,,,,,,,,,,,,,,,,,,
2021-10-01,SE_123,1203.0,332584.0,,,,,,,,,,,,,,,,,,,,,,,,,,,,
2021-10-08,SE_123,767.0,333351.0,,,,,,,,,,,,,,,,,,,,,,,,,,,,
2021-10-15,SE_123,5918.0,339269.0,,,,,,,,,,,,,,,,,,,,,,,,,,,,
2021-10-22,SE_123,4665.0,343934.0,,,,,,,,,,,,,,,,,,,,,,,,,,,,
2021-10-29,SE_123,2973.0,346907.0,,,,,,,,,,,,,,,,,,,,,,,,,,,,
2021-11-05,SE_123,670.0,347577.0,,,,,,,,,,,,,,,,,,,,,,,,,,,,
2021-11-12,SE_123,1136.0,348713.0,,,,,,,,,,,,,,,,,,,,,,,,,,,,
2021-11-19,SE_123,1010.0,349723.0,,,,,,,,,,,,,,,,,,,,,,,,,,,,
2021-11-26,SE_123,1311.0,351034.0,,,,,,,,,,,,,,,,,,,,,,,,,,,,
2021-12-03,SE_123,1678.0,352712.0,,,,,,,,,,,,,,,,,,,,,,,,,,,,
2021-12-10,SE_123,1693.0,354405.0,,,,,,,,,,,,,,,,,,,,,,,,,,,,
2021-12-17,SE_123,1265.0,355670.0,,,,,,,,,,,,,,,,,,,,,,,,,,,,
2021-12-24,SE_123,422.0,356092.0,,,,,,,,,,,,,,,,,,,,,,,,,,,,
2021-12-31,SE_123,457.0,356549.0,,,,,,,,,,,,,,,,,,,,,,,,,,,,
2022-01-08,SE_123,688.0,357237.0,,,,,,,,,,,,,,,,,,,,,,,,,,,,
2022-01-15,SE_123,967.0,358204.0,,,,,,,,,,,,,,,,,,,,,,,,,,,,
2022-01-22,SE_123,785.0,358989.0,,,,,,,,,,,,,,,,,,,,,,,,,,,,
2022-01-29,SE_123,530.0,359519.0,,,,,,,,,,,,,,,,,,,,,,,,,,,,
2022-02-05,SE_123,287.0,359806.0,,,,,,,,,,,,,,,,,,,,,,,,,,,,
2022-02-12,SE_123,315.0,360121.0,,,,,,,,,,,,,,,,,,,,,,,,,,,,
2022-02-19,SE_123,172.0,360293.0,,,,,,,,,,,,,,,,,,,,,,,,,,,,
2022-02-26,SE_123,153.0,360446.0,,,,,,,,,,,,,,,,,,,,,,,,,,,,
2022-03-05,SE_123,113.0,360559.0,,,,,,,,,,,,,,,,,,,,,,,,,,,,
2022-03-12,SE_123,84.0,360643.0,,,,,,,,,,,,,,,,,,,,,,,,,,,,
2022-03-19,SE_123,155.0,360798.0,,,,,,,,,,,,,,,,,,,,,,,,,,,,
2022-03-26,SE_123,65.0,360863.0,,,,,,,,,,,,,,,,,,,,,,,,,,,,
2022-04-02,SE_123,80.0,360943.0,,,,,,,,,,,,,,,,,,,,,,,,,,,,
2022-04-09,SE_123,77.0,361020.0,,,,,,,,,,,,,,,,,,,,,,,,,,,,
2022-04-16,SE_123,38.0,361058.0,,,,,,,,,,,,,,,,,,,,,,,,,,,,
2022-04-23,SE_123,67.0,361125.0,,,,,,,,,,,,,,,,,,,,,,,,,,,,
2022-04-30,SE_123,78.0,361203.0,,,,,,,,,,,,,,,,,,,,,,,,,,,,
2022-05-07,SE_123,75.0,361278.0,,,,,,,,,,,,,,,,,,,,,,,,,,,,
2022-05-14,SE_123,51.0,361329.0,,,,,,,,,,,,,,,,,,,,,,,,,,,,
2022-05-21,SE_123,79.0,361408.0,,,,,,,,,,,,,,,,,,,,,,,,,,,,
2022-05-28,SE_123,41.0,361449.0,,,,,,,,,,,,,,,,,,,,,,,,,,,,
2022-06-04,SE_123,37.0,361486.0,,,,,,,,,,,,,,,,,,,,,,,,,,,,
2022-06-11,SE_123,27.0,361513.0,,,,,,,,,,,,,,,,,,,,,,,,,,,,
2022-06-18,SE_123,24.0,361537.0,,,,,,,,,,,,,,,,,,,,,,,,,,,,
2022-06-25,SE_123,22.0,361559.0,,,,,,,,,,,,,,,,,,,,,,,,,,,,
2022-07-02,SE_123,9.0,361568.0,,,,,,,,,,,,,,,,,,,,,,,,,,,,
2022-07-09,SE_123,26.0,361594.0,,,,,,,,,,,,,,,,,,,,,,,,,,,,
2022-07-16,SE_123,37.0,361631.0,,,,,,,,,,,,,,,,,,,,,,,,,,,,
2022-07-23,SE_123,17.0,361648.0,,,,,,,,,,,,,,,,,,,,,,,,,,,,
2022-07-30,SE_123,23.0,361671.0,,,,,,,,,,,,,,,,,,,,,,,,,,,,
2022-08-06,SE_123,28.0,361699.0,,,,,,,,,,,,,,,,,,,,,,,,,,,,
2022-08-13,SE_123,25.0,361724.0,,,,,,,,,,,,,,,,,,,,,,,,,,,,
2022-08-20,SE_123,16.0,361740.0,,,,,,,,,,,,,,,,,,,,,,,,,,,,
2022-08-27,SE_123,14.0,361754.0,,,,,,,,,,,,,,,,,,,,,,,,,,,,
2022-09-03,SE_123,15.0,361769.0,,,,,,,,,,,,,,,,,,,,,,,,,,,,
2022-09-10,SE_123,14.0,361783.0,,,,,,,,,,,,,,,,,,,,,,,,,,,,
