date,location_key,new_persons_vaccinated,cumulative_persons_vaccinated,new_persons_fully_vaccinated,cumulative_persons_fully_vaccinated,new_vaccine_doses_administered,cumulative_vaccine_doses_administered,new_persons_vaccinated_pfizer,cumulative_persons_vaccinated_pfizer,new_persons_fully_vaccinated_pfizer,cumulative_persons_fully_vaccinated_pfizer,new_vaccine_doses_administered_pfizer,cumulative_vaccine_doses_administered_pfizer,new_persons_vaccinated_moderna,cumulative_persons_vaccinated_moderna,new_persons_fully_vaccinated_moderna,cumulative_persons_fully_vaccinated_moderna,new_vaccine_doses_administered_moderna,cumulative_vaccine_doses_administered_moderna,new_persons_vaccinated_janssen,cumulative_persons_vaccinated_janssen,new_persons_fully_vaccinated_janssen,cumulative_persons_fully_vaccinated_janssen,new_vaccine_doses_administered_janssen,cumulative_vaccine_doses_administered_janssen,new_persons_vaccinated_sinovac,total_persons_vaccinated_sinovac,new_persons_fully_vaccinated_sinovac,total_persons_fully_vaccinated_sinovac,new_vaccine_doses_administered_sinovac,total_vaccine_doses_administered_sinovac
2020-12-19,CA_MB,,894.0,,0.0,,894.0,,,,,,,,,,,,,,,,,,,,,,,,
2020-12-26,CA_MB,1283.0,2177.0,0.0,0.0,1283.0,2177.0,,,,,,,,,,,,,,,,,,,,,,,,
2021-01-02,CA_MB,1255.0,3432.0,0.0,0.0,1255.0,3432.0,,,,,,,,,,,,,,,,,,,,,,,,
2021-01-09,CA_MB,5262.0,8694.0,880.0,880.0,6142.0,9574.0,,,,,,,,,,,,,,,,,,,,,,,,
2021-01-16,CA_MB,7805.0,16499.0,1264.0,2144.0,9069.0,18643.0,,,,,,,,,,,,,,,,,,,,,,,,
2021-01-23,CA_MB,9340.0,25839.0,1252.0,3396.0,10592.0,29235.0,,,,,,,,,,,,,,,,,,,,,,,,
2021-01-30,CA_MB,6602.0,32441.0,5107.0,8503.0,11709.0,40944.0,,,,,,,,,,,,,,,,,,,,,,,,
2021-02-06,CA_MB,1200.0,33641.0,5140.0,13643.0,6340.0,47284.0,,,,,,,,,,,,,,,,,,,,,,,,
2021-02-13,CA_MB,1207.0,34848.0,6763.0,20406.0,7970.0,55254.0,,,,,,,,,,,,,,,,,,,,,,,,
2021-02-20,CA_MB,1431.0,36279.0,4791.0,25197.0,6222.0,61476.0,,,,,,,,,,,,,,,,,,,,,,,,
2021-02-27,CA_MB,10372.0,46651.0,3779.0,28976.0,14151.0,75627.0,,,,,,,,,,,,,,,,,,,,,,,,
2021-03-06,CA_MB,12749.0,59400.0,1386.0,30362.0,14135.0,89762.0,,,,,,,,,,,,,,,,,,,,,,,,
2021-03-13,CA_MB,12882.0,72282.0,2769.0,33131.0,15651.0,105413.0,,,,,,,,,,,,,,,,,,,,,,,,
2021-03-20,CA_MB,18296.0,90578.0,10277.0,43408.0,28573.0,133986.0,,,,,,,,,,,,,,,,,,,,,,,,
2021-03-27,CA_MB,27232.0,117810.0,11532.0,54940.0,38764.0,172750.0,,,,,,,,,,,,,,,,,,,,,,,,
2021-04-03,CA_MB,30016.0,147826.0,6571.0,61511.0,36587.0,209337.0,,,,,,,,,,,,,,,,,,,,,,,,
2021-04-10,CA_MB,68096.0,215922.0,7004.0,68515.0,75100.0,284437.0,,,,,,,,,,,,,,,,,,,,,,,,
2021-04-17,CA_MB,51778.0,267700.0,1252.0,69767.0,53030.0,337467.0,,,,,,,,,,,,,,,,,,,,,,,,
2021-04-24,CA_MB,81834.0,349534.0,1648.0,71415.0,83482.0,420949.0,,,,,,,,,,,,,,,,,,,,,,,,
2021-05-01,CA_MB,62733.0,412267.0,1794.0,73209.0,64527.0,485476.0,,,,,,,,,,,,,,,,,,,,,,,,
2021-05-08,CA_MB,61385.0,473652.0,2552.0,75761.0,63937.0,549413.0,,,,,,,,,,,,,,,,,,,,,,,,
2021-05-15,CA_MB,86881.0,560533.0,5122.0,80883.0,92003.0,641416.0,,,,,,,,,,,,,,,,,,,,,,,,
2021-05-22,CA_MB,82816.0,643349.0,5912.0,86795.0,88728.0,730144.0,,,,,,,,,,,,,,,,,,,,,,,,
2021-05-29,CA_MB,85313.0,728662.0,18841.0,105636.0,104154.0,834298.0,,,,,,,,,,,,,,,,,,,,,,,,
2021-06-05,CA_MB,57436.0,786098.0,40710.0,146346.0,98146.0,932444.0,,,,,,,,,,,,,,,,,,,,,,,,
2021-06-12,CA_MB,39075.0,825173.0,54523.0,200869.0,93598.0,1026042.0,,,,,,,,,,,,,,,,,,,,,,,,
2021-06-19,CA_MB,24291.0,849464.0,84236.0,285105.0,108527.0,1134569.0,,,,,,,,,,,,,,,,,,,,,,,,
2021-06-26,CA_MB,20566.0,870030.0,150164.0,435269.0,170730.0,1305299.0,,,,,,,,,,,,,,,,,,,,,,,,
2021-07-03,CA_MB,24398.0,894428.0,148203.0,583472.0,172601.0,1477900.0,,,,,,,,,,,,,,,,,,,,,,,,
2021-07-10,CA_MB,19890.0,914318.0,92985.0,676457.0,112875.0,1590775.0,,,,,,,,,,,,,,,,,,,,,,,,
2021-07-17,CA_MB,15249.0,929567.0,57879.0,734336.0,73128.0,1663903.0,,,,,,,,,,,,,,,,,,,,,,,,
2021-07-24,CA_MB,13554.0,943121.0,51529.0,785865.0,65083.0,1728986.0,,,,,,,,,,,,,,,,,,,,,,,,
2021-07-31,CA_MB,15778.0,958899.0,63829.0,849694.0,79607.0,1808593.0,,,,,,,,,,,,,,,,,,,,,,,,
2021-08-07,CA_MB,6904.0,965803.0,18899.0,868593.0,25803.0,1834396.0,,,,,,,,,,,,,,,,,,,,,,,,
2021-08-14,CA_MB,5802.0,971605.0,17408.0,886001.0,23210.0,1857606.0,,,,,,,,,,,,,,,,,,,,,,,,
2021-08-21,CA_MB,5281.0,976886.0,13857.0,899858.0,19138.0,1876744.0,,,,,,,,,,,,,,,,,,,,,,,,
2021-08-28,CA_MB,7049.0,983935.0,14491.0,914349.0,21540.0,1898284.0,,,,,,,,,,,,,,,,,,,,,,,,
2021-09-04,CA_MB,11960.0,995895.0,15474.0,929823.0,27434.0,1925718.0,,,,,,,,,,,,,,,,,,,,,,,,
2021-09-11,CA_MB,8949.0,1004844.0,10179.0,940002.0,19128.0,1944846.0,,,,,,,,,,,,,,,,,,,,,,,,
2021-09-18,CA_MB,8255.0,1013099.0,10031.0,950033.0,18286.0,1963132.0,,,,,,,,,,,,,,,,,,,,,,,,
2021-09-25,CA_MB,5831.0,1018930.0,9527.0,959560.0,15358.0,1978490.0,,,,,,,,,,,,,,,,,,,,,,,,
2021-10-02,CA_MB,5772.0,1024702.0,10909.0,970469.0,16681.0,1995171.0,,,,,,,,,,,,,,,,,,,,,,,,
2021-10-09,CA_MB,7102.0,1031804.0,11056.0,981525.0,18158.0,2013329.0,,,,,,,,,,,,,,,,,,,,,,,,
2021-10-16,CA_MB,6282.0,1038086.0,8931.0,990456.0,15213.0,2028542.0,,,,,,,,,,,,,,,,,,,,,,,,
2021-10-23,CA_MB,4736.0,1042822.0,7492.0,997948.0,12228.0,2040770.0,,,,,,,,,,,,,,,,,,,,,,,,
2021-10-30,CA_MB,4062.0,1046884.0,6670.0,1004618.0,10732.0,2051502.0,,,,,,,,,,,,,,,,,,,,,,,,
2021-11-06,CA_MB,3512.0,1050396.0,5853.0,1010471.0,9365.0,2060867.0,,,,,,,,,,,,,,,,,,,,,,,,
2021-11-13,CA_MB,2750.0,1053146.0,4472.0,1014943.0,7222.0,2068089.0,,,,,,,,,,,,,,,,,,,,,,,,
2021-11-20,CA_MB,3170.0,1056316.0,5146.0,1020089.0,8316.0,2076405.0,,,,,,,,,,,,,,,,,,,,,,,,
2021-11-27,CA_MB,10451.0,1066767.0,4664.0,1024753.0,15115.0,2091520.0,,,,,,,,,,,,,,,,,,,,,,,,
2021-12-04,CA_MB,22303.0,1089070.0,4086.0,1028839.0,26389.0,2117909.0,,,,,,,,,,,,,,,,,,,,,,,,
2021-12-11,CA_MB,12996.0,1102066.0,-652.0,1028187.0,12344.0,2130253.0,,,,,,,,,,,,,,,,,,,,,,,,
2021-12-18,CA_MB,11655.0,1113721.0,2784.0,1030971.0,14439.0,2144692.0,,,,,,,,,,,,,,,,,,,,,,,,
2021-12-25,CA_MB,6233.0,1119954.0,2996.0,1033967.0,9229.0,2153921.0,,,,,,,,,,,,,,,,,,,,,,,,
2022-01-01,CA_MB,2858.0,1122812.0,1715.0,1035682.0,4573.0,2158494.0,,,,,,,,,,,,,,,,,,,,,,,,
2022-01-08,CA_MB,5485.0,1128297.0,3627.0,1039309.0,9112.0,2167606.0,,,,,,,,,,,,,,,,,,,,,,,,
2022-01-15,CA_MB,5445.0,1133742.0,3983.0,1043292.0,9428.0,2177034.0,,,,,,,,,,,,,,,,,,,,,,,,
2022-01-22,CA_MB,4673.0,1138415.0,7502.0,1050794.0,12175.0,2189209.0,,,,,,,,,,,,,,,,,,,,,,,,
2022-01-30,CA_MB,3826.0,1142241.0,10754.0,1061548.0,14580.0,2203789.0,,,,,,,,,,,,,,,,,,,,,,,,
2022-02-06,CA_MB,2784.0,1145025.0,9747.0,1071295.0,12531.0,2216320.0,,,,,,,,,,,,,,,,,,,,,,,,
2022-02-13,CA_MB,2596.0,1147621.0,10374.0,1081669.0,12970.0,2229290.0,,,,,,,,,,,,,,,,,,,,,,,,
2022-02-20,CA_MB,1853.0,1149474.0,7953.0,1089622.0,9806.0,2239096.0,,,,,,,,,,,,,,,,,,,,,,,,
2022-02-27,CA_MB,1016.0,1150490.0,4371.0,1093993.0,5387.0,2244483.0,,,,,,,,,,,,,,,,,,,,,,,,
2022-03-06,CA_MB,1012.0,1151502.0,3648.0,1097641.0,4660.0,2249143.0,,,,,,,,,,,,,,,,,,,,,,,,
2022-03-13,CA_MB,619.0,1152121.0,2673.0,1100314.0,3292.0,2252435.0,,,,,,,,,,,,,,,,,,,,,,,,
2022-03-20,CA_MB,583.0,1152704.0,2510.0,1102824.0,3093.0,2255528.0,,,,,,,,,,,,,,,,,,,,,,,,
2022-03-27,CA_MB,541.0,1153245.0,2255.0,1105079.0,2796.0,2258324.0,,,,,,,,,,,,,,,,,,,,,,,,
2022-04-03,CA_MB,358.0,1153603.0,1364.0,1106443.0,1722.0,2260046.0,,,,,,,,,,,,,,,,,,,,,,,,
2022-04-10,CA_MB,473.0,1154076.0,1550.0,1107993.0,2023.0,2262069.0,,,,,,,,,,,,,,,,,,,,,,,,
2022-04-24,CA_MB,-6097.0,1147979.0,-4153.0,1103840.0,-10250.0,2251819.0,,,,,,,,,,,,,,,,,,,,,,,,
2022-05-08,CA_MB,309.0,1148288.0,985.0,1104825.0,1294.0,2253113.0,,,,,,,,,,,,,,,,,,,,,,,,
2022-05-22,CA_MB,275.0,1148563.0,767.0,1105592.0,1042.0,2254155.0,,,,,,,,,,,,,,,,,,,,,,,,
2022-06-19,CA_MB,498.0,1149061.0,1297.0,1106889.0,1795.0,2255950.0,,,,,,,,,,,,,,,,,,,,,,,,
2022-07-17,CA_MB,502.0,1149563.0,998.0,1107887.0,1500.0,2257450.0,,,,,,,,,,,,,,,,,,,,,,,,
2022-08-14,CA_MB,1884.0,1151447.0,876.0,1108763.0,2760.0,2260210.0,,,,,,,,,,,,,,,,,,,,,,,,
