date,location_key,new_persons_vaccinated,cumulative_persons_vaccinated,new_persons_fully_vaccinated,cumulative_persons_fully_vaccinated,new_vaccine_doses_administered,cumulative_vaccine_doses_administered,new_persons_vaccinated_pfizer,cumulative_persons_vaccinated_pfizer,new_persons_fully_vaccinated_pfizer,cumulative_persons_fully_vaccinated_pfizer,new_vaccine_doses_administered_pfizer,cumulative_vaccine_doses_administered_pfizer,new_persons_vaccinated_moderna,cumulative_persons_vaccinated_moderna,new_persons_fully_vaccinated_moderna,cumulative_persons_fully_vaccinated_moderna,new_vaccine_doses_administered_moderna,cumulative_vaccine_doses_administered_moderna,new_persons_vaccinated_janssen,cumulative_persons_vaccinated_janssen,new_persons_fully_vaccinated_janssen,cumulative_persons_fully_vaccinated_janssen,new_vaccine_doses_administered_janssen,cumulative_vaccine_doses_administered_janssen,new_persons_vaccinated_sinovac,total_persons_vaccinated_sinovac,new_persons_fully_vaccinated_sinovac,total_persons_fully_vaccinated_sinovac,new_vaccine_doses_administered_sinovac,total_vaccine_doses_administered_sinovac
2020-12-19,CA_NT,,0.0,,0.0,,0.0,,,,,,,,,,,,,,,,,,,,,,,,
2020-12-26,CA_NT,0.0,0.0,0.0,0.0,0.0,0.0,,,,,,,,,,,,,,,,,,,,,,,,
2021-01-02,CA_NT,122.0,122.0,0.0,0.0,122.0,122.0,,,,,,,,,,,,,,,,,,,,,,,,
2021-01-09,CA_NT,389.0,511.0,0.0,0.0,389.0,511.0,,,,,,,,,,,,,,,,,,,,,,,,
2021-01-16,CA_NT,1380.0,1891.0,0.0,0.0,1380.0,1891.0,,,,,,,,,,,,,,,,,,,,,,,,
2021-01-23,CA_NT,7580.0,9471.0,0.0,0.0,7580.0,9471.0,,,,,,,,,,,,,,,,,,,,,,,,
2021-01-30,CA_NT,2769.0,12240.0,118.0,118.0,2887.0,12358.0,,,,,,,,,,,,,,,,,,,,,,,,
2021-02-06,CA_NT,590.0,12830.0,181.0,299.0,771.0,13129.0,,,,,,,,,,,,,,,,,,,,,,,,
2021-02-13,CA_NT,745.0,13575.0,280.0,579.0,1025.0,14154.0,,,,,,,,,,,,,,,,,,,,,,,,
2021-02-20,CA_NT,942.0,14517.0,1355.0,1934.0,2297.0,16451.0,,,,,,,,,,,,,,,,,,,,,,,,
2021-02-27,CA_NT,697.0,15214.0,2624.0,4558.0,3321.0,19772.0,,,,,,,,,,,,,,,,,,,,,,,,
2021-03-06,CA_NT,1839.0,17053.0,6591.0,11149.0,8430.0,28202.0,,,,,,,,,,,,,,,,,,,,,,,,
2021-03-13,CA_NT,2627.0,19680.0,1238.0,12387.0,3865.0,32067.0,,,,,,,,,,,,,,,,,,,,,,,,
2021-03-20,CA_NT,2433.0,22113.0,894.0,13281.0,3327.0,35394.0,,,,,,,,,,,,,,,,,,,,,,,,
2021-03-27,CA_NT,1608.0,23721.0,650.0,13931.0,2258.0,37652.0,,,,,,,,,,,,,,,,,,,,,,,,
2021-04-03,CA_NT,381.0,24102.0,538.0,14469.0,919.0,38571.0,,,,,,,,,,,,,,,,,,,,,,,,
2021-04-10,CA_NT,643.0,24745.0,2000.0,16469.0,2643.0,41214.0,,,,,,,,,,,,,,,,,,,,,,,,
2021-04-17,CA_NT,629.0,25374.0,2800.0,19269.0,3429.0,44643.0,,,,,,,,,,,,,,,,,,,,,,,,
2021-04-24,CA_NT,482.0,25856.0,1672.0,20941.0,2154.0,46797.0,,,,,,,,,,,,,,,,,,,,,,,,
2021-05-01,CA_NT,476.0,26332.0,731.0,21672.0,1207.0,48004.0,,,,,,,,,,,,,,,,,,,,,,,,
2021-05-08,CA_NT,976.0,27308.0,827.0,22499.0,1803.0,49807.0,,,,,,,,,,,,,,,,,,,,,,,,
2021-05-15,CA_NT,1050.0,28358.0,457.0,22956.0,1507.0,51314.0,,,,,,,,,,,,,,,,,,,,,,,,
2021-05-22,CA_NT,539.0,28897.0,388.0,23344.0,927.0,52241.0,,,,,,,,,,,,,,,,,,,,,,,,
2021-05-29,CA_NT,688.0,29585.0,575.0,23919.0,1263.0,53504.0,,,,,,,,,,,,,,,,,,,,,,,,
2021-06-05,CA_NT,-3926.0,25659.0,-2567.0,21352.0,-6493.0,47011.0,,,,,,,,,,,,,,,,,,,,,,,,
2021-06-12,CA_NT,455.0,26114.0,1203.0,22555.0,1658.0,48669.0,,,,,,,,,,,,,,,,,,,,,,,,
2021-06-19,CA_NT,464.0,26578.0,746.0,23301.0,1210.0,49879.0,,,,,,,,,,,,,,,,,,,,,,,,
2021-06-26,CA_NT,358.0,26936.0,484.0,23785.0,842.0,50721.0,,,,,,,,,,,,,,,,,,,,,,,,
2021-07-03,CA_NT,268.0,27204.0,443.0,24228.0,711.0,51432.0,,,,,,,,,,,,,,,,,,,,,,,,
2021-07-10,CA_NT,239.0,27443.0,425.0,24653.0,664.0,52096.0,,,,,,,,,,,,,,,,,,,,,,,,
2021-07-17,CA_NT,258.0,27701.0,479.0,25132.0,737.0,52833.0,,,,,,,,,,,,,,,,,,,,,,,,
2021-07-24,CA_NT,205.0,27906.0,451.0,25583.0,656.0,53489.0,,,,,,,,,,,,,,,,,,,,,,,,
2021-07-31,CA_NT,178.0,28084.0,383.0,25966.0,561.0,54050.0,,,,,,,,,,,,,,,,,,,,,,,,
2021-08-07,CA_NT,184.0,28268.0,281.0,26247.0,465.0,54515.0,,,,,,,,,,,,,,,,,,,,,,,,
2021-08-14,CA_NT,225.0,28493.0,404.0,26651.0,629.0,55144.0,,,,,,,,,,,,,,,,,,,,,,,,
2021-08-21,CA_NT,395.0,28888.0,298.0,26949.0,693.0,55837.0,,,,,,,,,,,,,,,,,,,,,,,,
2021-08-28,CA_NT,388.0,29276.0,314.0,27263.0,702.0,56539.0,,,,,,,,,,,,,,,,,,,,,,,,
2021-09-04,CA_NT,230.0,29506.0,181.0,27444.0,411.0,56950.0,,,,,,,,,,,,,,,,,,,,,,,,
2021-09-11,CA_NT,258.0,29764.0,243.0,27687.0,501.0,57451.0,,,,,,,,,,,,,,,,,,,,,,,,
2021-09-18,CA_NT,225.0,29989.0,312.0,27999.0,537.0,57988.0,,,,,,,,,,,,,,,,,,,,,,,,
2021-09-25,CA_NT,198.0,30187.0,241.0,28240.0,439.0,58427.0,,,,,,,,,,,,,,,,,,,,,,,,
2021-10-02,CA_NT,204.0,30391.0,211.0,28451.0,415.0,58842.0,,,,,,,,,,,,,,,,,,,,,,,,
2021-10-09,CA_NT,226.0,30617.0,297.0,28748.0,523.0,59365.0,,,,,,,,,,,,,,,,,,,,,,,,
2021-10-16,CA_NT,201.0,30818.0,241.0,28989.0,442.0,59807.0,,,,,,,,,,,,,,,,,,,,,,,,
2021-10-23,CA_NT,311.0,31129.0,270.0,29259.0,581.0,60388.0,,,,,,,,,,,,,,,,,,,,,,,,
2021-10-30,CA_NT,213.0,31342.0,253.0,29512.0,466.0,60854.0,,,,,,,,,,,,,,,,,,,,,,,,
2021-11-06,CA_NT,200.0,31542.0,281.0,29793.0,481.0,61335.0,,,,,,,,,,,,,,,,,,,,,,,,
2021-11-13,CA_NT,0.0,31542.0,0.0,29793.0,0.0,61335.0,,,,,,,,,,,,,,,,,,,,,,,,
2021-11-20,CA_NT,240.0,31782.0,455.0,30248.0,695.0,62030.0,,,,,,,,,,,,,,,,,,,,,,,,
2021-11-27,CA_NT,302.0,32084.0,226.0,30474.0,528.0,62558.0,,,,,,,,,,,,,,,,,,,,,,,,
2021-12-04,CA_NT,1168.0,33252.0,231.0,30705.0,1399.0,63957.0,,,,,,,,,,,,,,,,,,,,,,,,
2021-12-11,CA_NT,559.0,33811.0,140.0,30845.0,699.0,64656.0,,,,,,,,,,,,,,,,,,,,,,,,
2021-12-18,CA_NT,237.0,34048.0,178.0,31023.0,415.0,65071.0,,,,,,,,,,,,,,,,,,,,,,,,
2021-12-25,CA_NT,0.0,34048.0,0.0,31023.0,0.0,65071.0,,,,,,,,,,,,,,,,,,,,,,,,
2022-01-01,CA_NT,203.0,34251.0,114.0,31137.0,317.0,65388.0,,,,,,,,,,,,,,,,,,,,,,,,
2022-01-08,CA_NT,126.0,34377.0,74.0,31211.0,200.0,65588.0,,,,,,,,,,,,,,,,,,,,,,,,
2022-01-15,CA_NT,139.0,34516.0,97.0,31308.0,236.0,65824.0,,,,,,,,,,,,,,,,,,,,,,,,
2022-01-22,CA_NT,119.0,34635.0,275.0,31583.0,394.0,66218.0,,,,,,,,,,,,,,,,,,,,,,,,
2022-01-30,CA_NT,90.0,34725.0,538.0,32121.0,628.0,66846.0,,,,,,,,,,,,,,,,,,,,,,,,
2022-02-06,CA_NT,83.0,34808.0,484.0,32605.0,567.0,67413.0,,,,,,,,,,,,,,,,,,,,,,,,
2022-02-13,CA_NT,85.0,34893.0,291.0,32896.0,376.0,67789.0,,,,,,,,,,,,,,,,,,,,,,,,
2022-02-20,CA_NT,37.0,34930.0,169.0,33065.0,206.0,67995.0,,,,,,,,,,,,,,,,,,,,,,,,
2022-02-27,CA_NT,31.0,34961.0,130.0,33195.0,161.0,68156.0,,,,,,,,,,,,,,,,,,,,,,,,
2022-03-06,CA_NT,0.0,34961.0,0.0,33195.0,0.0,68156.0,,,,,,,,,,,,,,,,,,,,,,,,
2022-03-13,CA_NT,56.0,35017.0,141.0,33336.0,197.0,68353.0,,,,,,,,,,,,,,,,,,,,,,,,
2022-03-20,CA_NT,16.0,35033.0,39.0,33375.0,55.0,68408.0,,,,,,,,,,,,,,,,,,,,,,,,
2022-03-27,CA_NT,16.0,35049.0,65.0,33440.0,81.0,68489.0,,,,,,,,,,,,,,,,,,,,,,,,
2022-04-03,CA_NT,9.0,35058.0,45.0,33485.0,54.0,68543.0,,,,,,,,,,,,,,,,,,,,,,,,
2022-04-10,CA_NT,7.0,35065.0,35.0,33520.0,42.0,68585.0,,,,,,,,,,,,,,,,,,,,,,,,
2022-04-24,CA_NT,20.0,35085.0,38.0,33558.0,58.0,68643.0,,,,,,,,,,,,,,,,,,,,,,,,
2022-05-08,CA_NT,17.0,35102.0,39.0,33597.0,56.0,68699.0,,,,,,,,,,,,,,,,,,,,,,,,
2022-05-22,CA_NT,25.0,35127.0,41.0,33638.0,66.0,68765.0,,,,,,,,,,,,,,,,,,,,,,,,
2022-06-19,CA_NT,32.0,35159.0,43.0,33681.0,75.0,68840.0,,,,,,,,,,,,,,,,,,,,,,,,
2022-07-17,CA_NT,0.0,35159.0,0.0,33681.0,0.0,68840.0,,,,,,,,,,,,,,,,,,,,,,,,
2022-08-14,CA_NT,2714.0,37873.0,2757.0,36438.0,5471.0,74311.0,,,,,,,,,,,,,,,,,,,,,,,,
